  0.0018, 1024
  0.0183, 1024
  0.0499, 1024
  0.0928, 1024
  0.1448, 1024
  0.2047, 1024
  0.2628, 1024
  0.3109, 1024
  0.3762, 1024
  0.4877, 1024
  0.6234, 1024
  0.7456, 1024
  0.8482, 1024
  0.9656, 1024
  1.1451, 1024
  1.3650, 1024
  1.5672, 1024
  1.7604, 1024
  1.9495, 1024
  2.0953, 1024
  2.1868, 1024
  2.2358, 1024
  2.3498, 1024
  2.6686, 1024
  3.0587, 1024
  3.2676, 1024
  3.3319, 1024
  3.3567, 1024
  3.4222, 1024
  3.7516, 1024
  4.3994, 1024
  5.2122, 1024
  6.2856, 1024
  7.6574, 1024
  8.9606, 1024
 10.0217, 1024
 11.1868, 1024
 12.7147, 1024
 14.2576, 1024
 15.1150, 1024
 14.8443, 1024
 13.3927, 1024
 11.3262, 1024
  9.9510, 1024
 10.1200, 1024
 11.6525, 1024
 14.3721, 1024
 17.7445, 1024
 20.7065, 1024
 23.1677, 1024
 25.3798, 1024
 26.6220, 1024
 26.4320, 1024
 25.0311, 1024
 23.2031, 1024
 21.9919, 1024
 21.1059, 1024
 20.0453, 1024
 20.4805, 1024
 23.2027, 1024
 26.3264, 1024
 28.3741, 1024
 28.7144, 1024
 26.7517, 1024
 23.5547, 1024
 20.6916, 1024
 18.4280, 1024
 16.5956, 1024
 15.3727, 1024
 15.1126, 1024
 16.1117, 1024
 17.3432, 1024
 17.1398, 1024
 16.0097, 1024
 16.5239, 1024
 19.3838, 1024
 22.5282, 1024
 24.5691, 1024
 26.2051, 1024
 27.4872, 1024
 26.9704, 1024
 23.7948, 1024
 18.8481, 1024
 13.5325, 1024
  8.3475, 1024
  2.2852, 1024
 -4.9531, 1024
-11.4758, 1024
-15.3341, 1024
-17.1484, 1024
-19.9928, 1024
-26.6933, 1024
-37.0142, 1024
-49.2619, 1024
-62.6076, 1024
-75.6899, 1024
-86.0814, 1024
-91.4279, 1024
-91.2539, 1024
-88.3538, 1024
-85.4084, 1024
-82.0846, 1024
-79.8699, 1024
-79.3161, 1024
-74.2411, 1024
-61.6550, 1024
-48.3133, 1024
-37.6268, 1024
-25.7864, 1024
-12.0993, 1024
 -1.0748, 1024
  5.0082, 1024
 10.9226, 1024
 24.3982, 1024
 45.0031, 1024
 65.2179, 1024
 81.7579, 1024
 95.5888, 1024
105.5264, 1024
110.8325, 1024
114.4283, 1024
117.3066, 1024
118.3489, 1024
123.5305, 1024
143.2236, 1024
175.9425, 1024
208.5932, 1024
231.9159, 1024
246.0636, 1024
254.6239, 1024
260.6827, 1024
265.8386, 1024
274.1177, 1024
285.3411, 1024
289.4091, 1024
277.6581, 1024
252.7653, 1024
223.8113, 1024
204.1743, 1024
198.2125, 1024
194.2075, 1024
185.2881, 1024
178.0980, 1024
170.0232, 1024
154.8884, 1024
139.0610, 1024
127.7140, 1024
116.3754, 1024
107.7568, 1024
106.7289, 1024
107.8551, 1024
103.3981, 1024
 87.3640, 1024
 51.3631, 1024
  1.2596, 1024
-45.3657, 1024
-90.7490, 1024
-148.1312, 1024
-206.4388, 1024
-252.6647, 1024
-294.0726, 1024
-324.8058, 1024
-325.7942, 1024
-303.9421, 1024
-288.5495, 1024
-299.0020, 1024
-328.4819, 1024
-353.6602, 1024
-367.7006, 1024
-382.7281, 1024
-401.4293, 1024
-417.2130, 1024
-426.7559, 1024
-422.9625, 1024
-400.5860, 1024
-360.6263, 1024
-302.2679, 1024
-226.3783, 1024
-147.8168, 1024
-88.7845, 1024
-66.2240, 1024
-78.4542, 1024
-104.9593, 1024
-128.7637, 1024
-144.0836, 1024
-139.5638, 1024
-111.8162, 1024
-89.9393, 1024
-93.7642, 1024
-83.7569, 1024
-11.6116, 1024
106.9817, 1024
208.6013, 1024
252.8885, 1024
257.4200, 1024
258.8022, 1024
256.2462, 1024
223.1618, 1024
154.5752, 1024
 67.2083, 1024
-19.1966, 1024
-84.2581, 1024
-105.6244, 1024
-77.6946, 1024
-30.2010, 1024
  0.0819, 1024
 25.1841, 1024
 80.6030, 1024
151.9907, 1024
191.0733, 1024
200.3852, 1024
219.4974, 1024
238.4670, 1024
197.3665, 1024
 71.4042, 1024
-93.9436, 1024
-219.7003, 1024
-268.2838, 1024
-279.5728, 1024
-299.9135, 1024
-327.2384, 1024
-366.0854, 1024
-433.4234, 1024
-495.0039, 1024
-489.9917, 1024
-404.3899, 1024
-293.3598, 1024
-244.0464, 1024
-301.1740, 1024
-430.3920, 1024
-556.7675, 1024
-618.3134, 1024
-622.1680, 1024
-627.5001, 1024
-632.3389, 1024
-580.7629, 1024
-492.8735, 1024
-450.3723, 1024
-494.4831, 1024
-601.1791, 1024
-698.8479, 1024
-736.1197, 1024
-747.3007, 1024
-782.3132, 1024
-844.1352, 1024
-915.6038, 1024
-963.4346, 1024
-952.9151, 1024
-897.9659, 1024
-830.7944, 1024
-772.5327, 1024
-738.1106, 1024
-711.9174, 1024
-664.4510, 1024
-597.0399, 1024
-509.4271, 1024
-407.6566, 1024
-330.4100, 1024
-293.2172, 1024
-269.3245, 1024
-245.3584, 1024
-207.3516, 1024
-144.1858, 1024
-86.3549, 1024
-53.9429, 1024
-14.8455, 1024
 35.1622, 1024
 38.6540, 1024
-30.9573, 1024
-118.0673, 1024
-162.8794, 1024
-165.3519, 1024
-150.8850, 1024
-121.3445, 1024
-53.7169, 1024
 63.2192, 1024
194.7549, 1024
286.4102, 1024
314.5728, 1024
289.6585, 1024
245.7086, 1024
221.2875, 1024
219.0491, 1024
217.5646, 1024
224.9352, 1024
277.1612, 1024
386.3765, 1024
489.8747, 1024
491.9270, 1024
385.6271, 1024
281.8669, 1024
276.4905, 1024
342.3420, 1024
404.3349, 1024
483.1367, 1024
623.5731, 1024
767.3407, 1024
875.0870, 1024
993.7538, 1024
1093.5356, 1024
1109.0409, 1024
1084.9956, 1024
1057.5371, 1024
1007.3507, 1024
957.8286, 1024
892.8044, 1024
763.6390, 1024
651.4736, 1024
655.2762, 1024
703.3697, 1024
699.3835, 1024
687.4912, 1024
759.7796, 1024
923.8072, 1024
1099.5807, 1024
1182.4946, 1024
1154.9250, 1024
1091.4312, 1024
1030.1315, 1024
935.0323, 1024
785.3614, 1024
595.4801, 1024
412.8011, 1024
283.1605, 1024
221.4968, 1024
258.5361, 1024
371.4444, 1024
397.3237, 1024
304.5294, 1024
273.6215, 1024
324.0036, 1024
370.8100, 1024
514.7594, 1024
789.0484, 1024
1053.6904, 1024
1281.7040, 1024
1476.2307, 1024
1563.1116, 1024
1606.1744, 1024
1696.8002, 1024
1730.6569, 1024
1608.7740, 1024
1391.0890, 1024
1160.9926, 1024
971.9225, 1024
853.3412, 1024
799.8192, 1024
797.1808, 1024
833.8895, 1024
900.1086, 1024
1044.4298, 1024
1307.1887, 1024
1594.3267, 1024
1787.0546, 1024
1892.6558, 1024
1965.5166, 1024
2041.3253, 1024
2112.8325, 1024
2077.8999, 1024
1929.5649, 1024
1841.7045, 1024
1801.0624, 1024
1643.1643, 1024
1484.9860, 1024
1479.2786, 1024
1437.7511, 1024
1242.8369, 1024
1054.0076, 1024
940.1402, 1024
878.6913, 1024
935.6579, 1024
1092.8383, 1024
1261.7672, 1024
1424.8861, 1024
1499.2275, 1024
1410.8628, 1024
1359.4833, 1024
1486.8096, 1024
1576.4219, 1024
1482.6205, 1024
1354.4879, 1024
1252.4371, 1024
1136.9408, 1024
1099.0653, 1024
1167.3530, 1024
1216.7389, 1024
1219.2051, 1024
1172.3380, 1024
1025.9049, 1024
880.6021, 1024
855.4299, 1024
818.7267, 1024
646.9188, 1024
437.2959, 1024
336.5160, 1024
423.3235, 1024
568.0687, 1024
364.1538, 1024
-415.8838, 1024
-1461.3043, 1024
-2300.5076, 1024
-2816.4817, 1024
-3275.5710, 1024
-3919.3135, 1024
-4637.6914, 1024
-5199.4097, 1024
-5581.7305, 1024
-5867.5107, 1024
-6099.1221, 1024
-6285.5850, 1024
-6362.6602, 1024
-6229.6489, 1024
-6040.3149, 1024
-6121.2432, 1024
-6447.6548, 1024
-6633.4014, 1024
-6517.0332, 1024
-6260.1245, 1024
-6090.1465, 1024
-6142.4004, 1024
-6319.3496, 1024
-6405.9976, 1024
-6418.7339, 1024
-6469.6743, 1024
-6543.2661, 1024
-6625.3232, 1024
-6793.1846, 1024
-7015.1875, 1024
-6976.2754, 1024
-6317.1157, 1024
-5154.2441, 1024
-3871.4924, 1024
-2711.9456, 1024
-2044.3292, 1024
-2162.3374, 1024
-2597.4021, 1024
-2718.6121, 1024
-2555.9138, 1024
-2363.6807, 1024
-2162.2520, 1024
-1964.3234, 1024
-1778.3495, 1024
-1539.7866, 1024
-1282.5651, 1024
-1036.5942, 1024
-628.2916, 1024
-101.8994, 1024
149.4361, 1024
155.6043, 1024
423.9184, 1024
890.9417, 1024
887.6355, 1024
326.0638, 1024
-50.7303, 1024
258.3713, 1024
891.4434, 1024
1181.2856, 1024
929.5330, 1024
586.6890, 1024
693.0234, 1024
1140.1548, 1024
1434.8960, 1024
1476.8329, 1024
1338.8054, 1024
988.7299, 1024
684.6796, 1024
513.7622, 1024
-85.0574, 1024
-1262.1169, 1024
-2233.5149, 1024
-2343.7917, 1024
-1782.3159, 1024
-1274.2595, 1024
-1330.0146, 1024
-1738.7148, 1024
-1964.4302, 1024
-1808.2985, 1024
-1470.0581, 1024
-1352.3544, 1024
-1600.3584, 1024
-1777.6168, 1024
-1580.7223, 1024
-1504.3739, 1024
-2012.9460, 1024
-2747.9124, 1024
-3110.5027, 1024
-2979.1873, 1024
-2630.9128, 1024
-2342.7129, 1024
-2095.1118, 1024
-1824.2549, 1024
-1764.8381, 1024
-1938.2316, 1024
-1830.5568, 1024
-1239.2645, 1024
-643.4268, 1024
-463.0450, 1024
-608.6425, 1024
-783.9727, 1024
-882.9968, 1024
-910.4425, 1024
-725.9191, 1024
-361.9149, 1024
-26.7015, 1024
368.7473, 1024
706.3452, 1024
472.9291, 1024
-110.2244, 1024
-306.4232, 1024
-92.9952, 1024
244.2820, 1024
586.2953, 1024
602.9327, 1024
282.0218, 1024
269.8928, 1024
859.6541, 1024
1582.7341, 1024
1931.6295, 1024
1765.9037, 1024
1218.5972, 1024
694.3961, 1024
608.0388, 1024
848.6904, 1024
1075.2903, 1024
1284.7195, 1024
1237.6429, 1024
593.5544, 1024
 -9.6198, 1024
 13.9600, 1024
 75.2453, 1024
-70.5099, 1024
110.7001, 1024
563.3352, 1024
839.1957, 1024
838.3113, 1024
755.4349, 1024
885.5890, 1024
987.4775, 1024
522.1393, 1024
-201.5949, 1024
-572.0476, 1024
-542.9393, 1024
-200.9070, 1024
134.7353, 1024
-29.0710, 1024
-466.3216, 1024
-695.4966, 1024
-777.6978, 1024
-662.4959, 1024
-150.2738, 1024
225.7794, 1024
-121.6365, 1024
-675.5997, 1024
-828.2698, 1024
-963.2938, 1024
-1357.7122, 1024
-1737.7013, 1024
-2138.4998, 1024
-2501.3577, 1024
-2493.8579, 1024
-2354.2922, 1024
-2217.8540, 1024
-1666.2670, 1024
-946.4890, 1024
-737.6529, 1024
-949.4335, 1024
-1192.8087, 1024
-1474.1592, 1024
-1777.6312, 1024
-1852.1040, 1024
-1795.5908, 1024
-2009.2079, 1024
-2266.4612, 1024
-2080.4431, 1024
-1736.3075, 1024
-1575.6262, 1024
-1568.4482, 1024
-1921.1520, 1024
-2423.9658, 1024
-2377.6428, 1024
-1970.5780, 1024
-1840.6471, 1024
-1902.9258, 1024
-1866.5660, 1024
-1834.1639, 1024
-2008.0283, 1024
-2240.4683, 1024
-2194.9595, 1024
-2064.8718, 1024
-2160.5796, 1024
-2156.1360, 1024
-1918.7401, 1024
-1842.7843, 1024
-1934.2808, 1024
-1994.8915, 1024
-2073.7563, 1024
-2182.4387, 1024
-2400.3025, 1024
-2780.9780, 1024
-2957.7351, 1024
-2684.7178, 1024
-2191.0181, 1024
-1734.9651, 1024
-1542.5065, 1024
-1719.5792, 1024
-1894.4327, 1024
-1701.2211, 1024
-1327.5808, 1024
-1172.2697, 1024
-1421.1366, 1024
-1858.5999, 1024
-2035.5508, 1024
-1896.1121, 1024
-1715.0566, 1024
-1558.7916, 1024
-1462.2164, 1024
-1474.3728, 1024
-1390.6011, 1024
-1153.8428, 1024
-989.5178, 1024
-948.5665, 1024
-915.4247, 1024
-874.3161, 1024
-948.9645, 1024
-1160.2465, 1024
-1235.2646, 1024
-1210.1871, 1024
-1431.8530, 1024
-1569.3365, 1024
-1195.4061, 1024
-791.1993, 1024
-736.1521, 1024
-804.2908, 1024
-877.6606, 1024
-834.4262, 1024
-581.9156, 1024
-370.6469, 1024
-265.2142, 1024
-130.3731, 1024
-26.6424, 1024
 69.2316, 1024
150.0590, 1024
 41.6180, 1024
-72.4853, 1024
110.4966, 1024
430.4403, 1024
622.4895, 1024
676.4155, 1024
619.9670, 1024
486.0835, 1024
472.4328, 1024
706.9539, 1024
917.6633, 1024
897.3326, 1024
938.2335, 1024
1153.5112, 1024
1225.7018, 1024
1176.0182, 1024
1291.4365, 1024
1505.9415, 1024
1634.7528, 1024
1652.9064, 1024
1599.5376, 1024
1597.9740, 1024
1665.3860, 1024
1619.9784, 1024
1511.8098, 1024
1553.8693, 1024
1647.5977, 1024
1641.9823, 1024
1624.6946, 1024
1552.0380, 1024
1332.3723, 1024
1161.8833, 1024
1133.3785, 1024
1076.8344, 1024
1040.3064, 1024
1154.9705, 1024
1293.1171, 1024
1384.0840, 1024
1502.9021, 1024
1544.7188, 1024
1383.5950, 1024
1129.8848, 1024
932.5127, 1024
829.6946, 1024
836.3714, 1024
908.8854, 1024
978.0619, 1024
1057.3232, 1024
1079.3938, 1024
908.8423, 1024
702.9097, 1024
665.0659, 1024
639.2400, 1024
513.9647, 1024
409.1185, 1024
298.0068, 1024
 99.1167, 1024
-189.7339, 1024
-557.8508, 1024
-768.9384, 1024
-582.6904, 1024
-198.4753, 1024
 91.2654, 1024
228.9273, 1024
268.9833, 1024
351.4853, 1024
516.6289, 1024
638.5673, 1024
730.1244, 1024
848.4955, 1024
889.5897, 1024
811.1337, 1024
709.8522, 1024
675.7158, 1024
712.0072, 1024
731.8290, 1024
741.7237, 1024
843.6250, 1024
964.4861, 1024
963.4052, 1024
902.7774, 1024
908.8947, 1024
961.7553, 1024
972.4667, 1024
977.2567, 1024
1075.6534, 1024
1205.4437, 1024
1240.0310, 1024
1189.7018, 1024
1112.0082, 1024
1057.6255, 1024
1061.6907, 1024
1055.7379, 1024
985.2329, 1024
925.5856, 1024
916.2256, 1024
896.7255, 1024
846.5256, 1024
813.3238, 1024
792.8184, 1024
732.1841, 1024
648.0921, 1024
575.4276, 1024
496.2695, 1024
456.4553, 1024
517.3232, 1024
613.9468, 1024
678.5416, 1024
709.5530, 1024
688.9743, 1024
632.4566, 1024
584.5535, 1024
531.8353, 1024
460.9826, 1024
392.8465, 1024
336.8149, 1024
317.6775, 1024
357.8023, 1024
420.2955, 1024
457.1571, 1024
471.3761, 1024
468.3754, 1024
417.8982, 1024
315.3772, 1024
212.7966, 1024
148.4121, 1024
116.7289, 1024
 99.9237, 1024
 96.7773, 1024
125.4652, 1024
175.9914, 1024
214.9343, 1024
256.7561, 1024
306.8113, 1024
321.8732, 1024
321.0596, 1024
347.9718, 1024
362.1941, 1024
344.8851, 1024
341.8501, 1024
354.5692, 1024
360.2409, 1024
365.4006, 1024
363.2585, 1024
351.8050, 1024
358.8994, 1024
387.8125, 1024
408.0113, 1024
403.3045, 1024
372.8457, 1024
327.2910, 1024
299.2995, 1024
304.1283, 1024
309.8922, 1024
293.7637, 1024
272.1325, 1024
258.1461, 1024
246.3058, 1024
231.6854, 1024
207.9567, 1024
173.4518, 1024
148.4209, 1024
159.4708, 1024
201.6636, 1024
241.4643, 1024
257.9676, 1024
259.8391, 1024
257.1166, 1024
245.9458, 1024
228.8124, 1024
219.2625, 1024
210.4547, 1024
180.7307, 1024
139.9784, 1024
114.5658, 1024
 98.7540, 1024
 80.1555, 1024
 65.1220, 1024
 51.6159, 1024
 37.4906, 1024
 35.2516, 1024
 40.0167, 1024
 39.0773, 1024
 37.4116, 1024
 28.8935, 1024
 -0.2060, 1024
-30.9802, 1024
-42.2048, 1024
-49.4104, 1024
-69.7590, 1024
-93.5073, 1024
-109.3569, 1024
-117.6560, 1024
-116.3445, 1024
-100.9427, 1024
-76.3705, 1024
-55.3839, 1024
-50.6126, 1024
-69.0995, 1024
-103.3196, 1024
-136.0060, 1024
-159.1152, 1024
-173.7334, 1024
-177.0794, 1024
-169.0545, 1024
-156.8832, 1024
-142.4264, 1024
-119.7069, 1024
-86.0788, 1024
-49.8592, 1024
-31.7853, 1024
-39.5041, 1024
-50.7086, 1024
-51.0371, 1024
-51.1896, 1024
-50.7811, 1024
-42.8848, 1024
-31.5190, 1024
-11.9752, 1024
 17.1772, 1024
 40.8318, 1024
 60.6960, 1024
 81.5469, 1024
 84.9722, 1024
 70.2331, 1024
 59.0134, 1024
 54.3520, 1024
 50.5687, 1024
 50.6412, 1024
 56.0629, 1024
 66.4776, 1024
 73.6924, 1024
 67.2271, 1024
 57.9251, 1024
 62.0191, 1024
 71.9405, 1024
 73.1914, 1024
 66.5731, 1024
 62.2451, 1024
 64.7393, 1024
 70.9256, 1024
 76.3219, 1024
 77.3229, 1024
 72.1490, 1024
 62.3835, 1024
 46.1804, 1024
 24.8748, 1024
  8.8954, 1024
 -0.3693, 1024
-11.1208, 1024
-21.9397, 1024
-32.1309, 1024
-45.2836, 1024
-54.8236, 1024
-56.1908, 1024
-55.5463, 1024
-54.1490, 1024
-50.5114, 1024
-44.3423, 1024
-32.1228, 1024
-19.3955, 1024
-19.3829, 1024
-30.7588, 1024
-42.2070, 1024
-47.8893, 1024
-47.1213, 1024
-44.2411, 1024
-43.0514, 1024
-40.1859, 1024
-35.9125, 1024
-35.4766, 1024
-36.3919, 1024
-34.3317, 1024
-30.5588, 1024
-25.7905, 1024
-19.7717, 1024
-13.7095, 1024
 -7.1420, 1024
  0.2395, 1024
  7.9931, 1024
 16.5650, 1024
 25.4259, 1024
 32.3038, 1024
 35.5294, 1024
 36.1086, 1024
 37.2942, 1024
 39.6661, 1024
 42.8812, 1024
 49.0087, 1024
 55.3917, 1024
 55.8474, 1024
 52.7009, 1024
 51.8883, 1024
 53.0982, 1024
 54.3769, 1024
 55.1033, 1024
 55.1401, 1024
 55.3999, 1024
 55.7943, 1024
 55.3337, 1024
 54.4381, 1024
 53.0423, 1024
 51.8054, 1024
 52.4585, 1024
 53.7641, 1024
 52.8482, 1024
 49.7600, 1024
 46.2258, 1024
 43.6700, 1024
 41.4610, 1024
 37.5016, 1024
 32.2765, 1024
 28.3248, 1024
 25.1069, 1024
 20.6009, 1024
 14.9895, 1024
 10.3127, 1024
  8.1242, 1024
  7.6648, 1024
  6.7703, 1024
  4.7455, 1024
  1.7886, 1024
 -1.8488, 1024
 -5.2247, 1024
 -7.6598, 1024
 -9.4478, 1024
-10.6286, 1024
-11.3731, 1024
-11.9102, 1024
-12.0918, 1024
-12.4948, 1024
-13.6080, 1024
-14.4403, 1024
-14.5837, 1024
-14.5753, 1024
-14.0329, 1024
-12.6877, 1024
-11.1438, 1024
 -9.9916, 1024
 -9.6118, 1024
 -9.6212, 1024
 -9.3349, 1024
 -9.5314, 1024
-11.0601, 1024
-13.1807, 1024
-14.8188, 1024
-15.3438, 1024
-14.6278, 1024
-13.3702, 1024
-11.8513, 1024
 -9.7786, 1024
 -7.5827, 1024
 -5.9393, 1024
 -4.8634, 1024
 -4.2698, 1024
 -3.9447, 1024
 -3.4922, 1024
 -2.8068, 1024
 -2.0478, 1024
 -1.3656, 1024
 -0.7977, 1024
 -0.2181, 1024
  0.3395, 1024
  0.6944, 1024
  0.8911, 1024
  1.0401, 1024
  1.1010, 1024
  1.0639, 1024
  0.9594, 1024
  0.8012, 1024
  0.6513, 1024
  0.5448, 1024
  0.4540, 1024
  0.3746, 1024
  0.3179, 1024
  0.2691, 1024
  0.2135, 1024
  0.1547, 1024
  0.0995, 1024
  0.0528, 1024
  0.0189, 1024
  0.0018, 1024
  0.0144, 0
 -0.0200, 0
 -0.1990, 0
 -0.8440, 0
 -0.3314, 0
 -0.4729, 0
  1.0110, 0
 -5.5601, 0
 -2.5422, 0
 -4.1211, 0
  1.6428, 0
  8.8018, 0
-16.0720, 0
-13.0870, 0
 -2.5697, 0
  7.9992, 0
-26.9805, 0
-33.0919, 0
 16.7772, 0
 24.3639, 0
-32.3753, 0
 48.1961, 0
  8.9686, 0
-33.3396, 0
 37.7529, 0
 32.5129, 0
-40.6930, 0
 10.8511, 0
-33.5299, 0
 62.6078, 0
-37.6356, 0
-36.2234, 0
 34.0903, 0
 73.0991, 0
 32.5110, 0
 39.0656, 0
-102.7352, 0
 92.0417, 0
 17.3133, 0
 64.5070, 0
 -2.6128, 0
-59.7807, 0
121.6230, 0
-62.4378, 0
-169.5807, 0
-92.9730, 0
-101.5246, 0
-119.8935, 0
106.4583, 0
-210.6086, 0
-106.8525, 0
-105.2683, 0
-263.2006, 0
185.3280, 0
121.1766, 0
-235.1509, 0
336.1950, 0
144.2719, 0
-288.9545, 0
-154.6694, 0
-135.7041, 0
-293.5017, 0
131.3066, 0
126.6365, 0
  9.1445, 0
244.2441, 0
160.6979, 0
306.9629, 0
-243.5035, 0
 22.0681, 0
-204.7133, 0
-456.5536, 0
-10.7373, 0
404.3211, 0
-486.3271, 0
-433.5274, 0
-226.2893, 0
546.5610, 0
-146.5599, 0
-664.5120, 0
216.1629, 0
480.6727, 0
479.6584, 0
-94.3301, 0
247.1590, 0
135.2896, 0
-247.0984, 0
 54.9149, 0
581.3714, 0
537.5065, 0
-659.7009, 0
-720.7753, 0
794.7934, 0
666.9000, 0
455.4352, 0
-343.3476, 0
-661.2236, 0
-964.8221, 0
-161.6479, 0
613.9252, 0
-888.9375, 0
887.1202, 0
745.9016, 0
-324.6584, 0
-808.2177, 0
-468.7242, 0
-877.8933, 0
672.1849, 0
-177.4199, 0
805.1672, 0
-727.4794, 0
-131.1203, 0
779.0809, 0
571.9062, 0
394.4875, 0
1001.1513, 0
-448.6871, 0
471.5528, 0
1151.2925, 0
1125.6901, 0
721.1360, 0
626.8272, 0
394.9621, 0
-571.1806, 0
-491.2607, 0
1406.5669, 0
285.6773, 0
-494.3584, 0
530.8842, 0
-1440.1257, 0
-1309.3295, 0
1680.0938, 0
596.4086, 0
1815.9678, 0
1069.1777, 0
-1531.4539, 0
-917.2031, 0
-765.3022, 0
-821.8677, 0
1035.5237, 0
357.6982, 0
589.8196, 0
1202.7208, 0
-579.0761, 0
-1255.8547, 0
-1079.0203, 0
-1487.5496, 0
-212.0350, 0
1653.9613, 0
1483.8917, 0
1837.6510, 0
-2317.5117, 0
1780.0316, 0
1477.2916, 0
-769.4435, 0
-2095.8567, 0
-12.9347, 0
-299.8362, 0
743.1246, 0
-835.0921, 0
2568.3254, 0
-206.7865, 0
2488.9631, 0
-2678.0464, 0
1471.3188, 0
-922.7078, 0
-774.9344, 0
1419.9624, 0
799.2685, 0
1896.9061, 0
-2444.8159, 0
2201.7891, 0
888.8392, 0
-678.3618, 0
 23.1882, 0
1481.1636, 0
1745.9880, 0
-1647.9891, 0
-2367.2888, 0
410.9200, 0
-2428.8728, 0
-1233.7188, 0
-1014.8007, 0
1755.4314, 0
-2542.7703, 0
1982.2347, 0
1360.3826, 0
1055.7449, 0
-2287.7109, 0
-1035.1379, 0
431.1094, 0
381.7046, 0
-3151.8906, 0
-651.8127, 0
3052.4792, 0
424.3303, 0
-2039.8862, 0
1920.9282, 0
821.3517, 0
-2694.1956, 0
942.3710, 0
-782.2678, 0
1310.1445, 0
1578.1720, 0
2360.8464, 0
1293.6329, 0
-3085.9402, 0
-3039.2878, 0
2174.2996, 0
-4012.4976, 0
2681.8870, 0
-342.6172, 0
-2111.1738, 0
3168.1631, 0
3594.8435, 0
-3521.8191, 0
2428.0310, 0
2247.7327, 0
252.1192, 0
647.5353, 0
-1427.5482, 0
195.9486, 0
-4493.4731, 0
3289.9419, 0
169.1927, 0
-4460.7070, 0
 34.1464, 0
180.4015, 0
1036.4536, 0
-786.6288, 0
-2752.9001, 0
4819.7227, 0
3118.3650, 0
-4292.0112, 0
630.5950, 0
-3446.9653, 0
-3991.8201, 0
1175.9098, 0
-911.6690, 0
4297.2031, 0
-336.5854, 0
3855.8579, 0
-3550.3845, 0
2568.5251, 0
-2049.1655, 0
-4985.9067, 0
-5430.2544, 0
-5203.2051, 0
478.3627, 0
3765.7249, 0
-1167.7906, 0
-2702.2070, 0
-3399.3042, 0
-5139.6675, 0
-3295.3093, 0
2079.4595, 0
-669.0557, 0
-4920.8877, 0
-3603.7722, 0
-4809.8716, 0
-4164.3188, 0
-1203.6149, 0
-3497.2861, 0
1718.0022, 0
-4882.7363, 0
-2421.1035, 0
4874.4360, 0
 19.1636, 0
-3563.7153, 0
-5858.6978, 0
1030.8893, 0
1553.0023, 0
-1037.3901, 0
-5579.1270, 0
-2303.8442, 0
-5962.8672, 0
-3676.4290, 0
5758.7256, 0
3903.8398, 0
1983.2531, 0
6037.3730, 0
5923.6484, 0
3725.9470, 0
6646.9585, 0
-5880.6904, 0
3493.9009, 0
-695.4064, 0
-4809.5527, 0
6622.1499, 0
-3321.7090, 0
-4600.1343, 0
-5180.0151, 0
-6073.1162, 0
4976.3970, 0
-5075.4116, 0
-52.2942, 0
6718.2529, 0
-4436.3364, 0
-4591.4165, 0
-471.5554, 0
-5314.3271, 0
3605.7312, 0
986.1736, 0
6739.1201, 0
-2568.3701, 0
2055.4575, 0
6035.9995, 0
5650.7671, 0
544.8586, 0
-1915.4799, 0
-6441.5757, 0
-3579.0649, 0
2368.9004, 0
-6644.3315, 0
1454.8370, 0
-5726.4854, 0
-6510.7305, 0
-7868.1870, 0
7707.1323, 0
2459.7666, 0
-938.9484, 0
-4885.3384, 0
2529.9482, 0
6895.1426, 0
3373.3479, 0
5904.2471, 0
-7224.5181, 0
7609.8716, 0
-318.7188, 0
-1365.7124, 0
-5836.3896, 0
-6778.5684, 0
6006.3936, 0
-4546.4800, 0
6487.6455, 0
6438.3848, 0
-4271.9873, 0
1550.5779, 0
-4208.8848, 0
1227.7759, 0
-1356.2168, 0
3903.5525, 0
-1146.8779, 0
-3297.7253, 0
-7933.8438, 0
-3945.9980, 0
1575.8391, 0
6205.8237, 0
5825.4150, 0
-5587.7554, 0
7405.3286, 0
1130.3574, 0
4622.0024, 0
4650.4155, 0
5624.8848, 0
-1782.8737, 0
3276.8062, 0
7852.6265, 0
-1396.7152, 0
8443.1387, 0
-5565.2915, 0
627.4623, 0
5190.9966, 0
-1423.4120, 0
-7438.8330, 0
8077.9805, 0
-6117.7769, 0
156.1692, 0
3762.4990, 0
386.8608, 0
-4492.2178, 0
1781.7113, 0
-5144.9966, 0
-6245.9639, 0
-7641.7310, 0
-1543.3632, 0
-5322.9097, 0
-3369.6260, 0
-6477.5459, 0
3226.3057, 0
1990.3143, 0
7056.6641, 0
-3155.3435, 0
7440.1938, 0
8928.7383, 0
6086.4463, 0
-8785.9297, 0
7325.7363, 0
-6826.5991, 0
-8180.7041, 0
-8062.8550, 0
5542.9429, 0
2976.0752, 0
-1752.9014, 0
-9483.8047, 0
-8497.1953, 0
7232.4717, 0
9323.7246, 0
1269.6090, 0
6903.3330, 0
8916.6523, 0
-7772.0444, 0
3134.9392, 0
-10147.0361, 0
-4444.0908, 0
-9935.1855, 0
-5781.4209, 0
-4382.8511, 0
-9090.9404, 0
-7306.0859, 0
10112.8955, 0
-1948.4716, 0
-3776.1592, 0
-5463.4336, 0
-9739.6016, 0
-3222.1555, 0
-8264.5781, 0
6528.8286, 0
-354.7800, 0
4876.3735, 0
-7398.7944, 0
754.2292, 0
-1872.1849, 0
528.8973, 0
10307.0098, 0
9147.5771, 0
-6171.3687, 0
-4009.0437, 0
-7103.6602, 0
-8272.6748, 0
-10780.6865, 0
-8548.5518, 0
6259.5698, 0
-8286.0674, 0
-549.8239, 0
8930.1377, 0
5793.4404, 0
-9501.5312, 0
2058.7263, 0
-2508.6633, 0
6211.2349, 0
10486.3984, 0
956.9860, 0
6139.2603, 0
10369.2285, 0
2852.8496, 0
3893.3547, 0
-9201.9883, 0
1894.5898, 0
1391.5986, 0
-6079.8901, 0
7814.1621, 0
-6799.9634, 0
-11212.0664, 0
546.8984, 0
3947.7854, 0
-139.3783, 0
-8069.1670, 0
9194.2432, 0
8411.8857, 0
-1182.7770, 0
8667.1631, 0
6972.2749, 0
756.3648, 0
-6595.8188, 0
499.8847, 0
3880.2517, 0
7488.9443, 0
-7764.5815, 0
-9923.8574, 0
6540.2651, 0
7645.9785, 0
-490.3199, 0
-3298.2114, 0
6430.2046, 0
-2080.4219, 0
7726.0732, 0
8488.2285, 0
-2771.2937, 0
5257.2100, 0
9216.7266, 0
-2618.5750, 0
1094.8413, 0
-2544.7671, 0
-7802.5679, 0
-11377.7314, 0
2060.0415, 0
2829.1624, 0
-3952.9973, 0
-2401.5352, 0
10691.1475, 0
9583.7607, 0
-1318.5962, 0
8521.0010, 0
-6377.5244, 0
11238.7910, 0
-10285.4980, 0
-11128.9092, 0
10187.4150, 0
-11444.6162, 0
-2310.0256, 0
1819.8354, 0
-3693.1230, 0
343.9192, 0
-3764.4536, 0
-10837.1367, 0
-1248.5902, 0
-8428.8311, 0
-1293.4081, 0
5523.4316, 0
-6808.7065, 0
3152.5154, 0
-3380.5186, 0
-9328.9414, 0
-849.1312, 0
-7834.7559, 0
-2322.1487, 0
881.5694, 0
-7709.2896, 0
2925.6643, 0
5876.0127, 0
-1563.8381, 0
-6980.6719, 0
9628.1572, 0
9613.9824, 0
3642.7883, 0
8605.8711, 0
-4515.7012, 0
4165.6436, 0
-3569.3176, 0
-8909.5781, 0
-4576.8271, 0
945.6873, 0
-3827.8108, 0
-8196.0684, 0
8298.7197, 0
419.1847, 0
8107.1821, 0
-10031.9648, 0
-9028.2012, 0
7947.6187, 0
2301.0732, 0
-7824.8267, 0
9850.3047, 0
-3420.7734, 0
4734.3628, 0
487.2784, 0
10136.5703, 0
-4607.1812, 0
-4753.5161, 0
-2201.8066, 0
7407.5923, 0
6220.3999, 0
155.4265, 0
1555.8756, 0
10424.9102, 0
8713.1133, 0
-11246.7832, 0
1166.1375, 0
-5505.9702, 0
-10323.8115, 0
-9589.9238, 0
-188.3731, 0
-7390.0479, 0
-4217.9204, 0
-352.8524, 0
-4885.5444, 0
8576.1592, 0
9878.3887, 0
6140.4243, 0
7597.2075, 0
7929.4336, 0
1512.9536, 0
7533.1348, 0
9599.1094, 0
-8819.9912, 0
-5415.5591, 0
-4788.7261, 0
-1151.9973, 0
-4482.5317, 0
4554.7334, 0
678.2337, 0
7725.7402, 0
-10486.8838, 0
-7903.3008, 0
-5434.5522, 0
7789.6841, 0
1791.6266, 0
9645.7139, 0
7021.9497, 0
8080.0752, 0
246.2108, 0
-3641.6077, 0
8828.3174, 0
7724.5137, 0
-288.2186, 0
-6109.8066, 0
9675.9736, 0
-6871.8652, 0
-8332.9453, 0
-8108.8896, 0
1150.1190, 0
9972.0361, 0
1476.1593, 0
8947.2881, 0
5248.7241, 0
-8027.7002, 0
-2083.1426, 0
8034.4780, 0
6800.9580, 0
-6905.4902, 0
5273.6470, 0
-6971.9429, 0
8750.6963, 0
3300.5388, 0
-6199.5825, 0
-9649.3965, 0
8789.5693, 0
-8536.8477, 0
-5188.0898, 0
1011.0897, 0
-7116.2202, 0
-4122.4473, 0
-7182.5342, 0
1446.4728, 0
-5479.7407, 0
1171.9496, 0
6971.7090, 0
8985.8213, 0
-4047.2717, 0
-5200.3950, 0
-5771.6250, 0
3256.1709, 0
2228.6343, 0
9315.2432, 0
1088.7473, 0
-3662.3831, 0
-1836.8712, 0
-441.4839, 0
-3880.2986, 0
6380.5322, 0
9188.0176, 0
3739.3711, 0
8801.8379, 0
6203.1997, 0
-1373.6656, 0
7055.2900, 0
7235.3843, 0
5720.8052, 0
5390.5151, 0
-6653.4512, 0
3866.7944, 0
-7618.5854, 0
-7839.0767, 0
4643.6987, 0
8729.6455, 0
7880.3867, 0
-809.6297, 0
-4134.7661, 0
9284.1826, 0
2008.0525, 0
-3853.0745, 0
-4641.3716, 0
3382.1562, 0
2405.9917, 0
-6946.2251, 0
1773.5914, 0
-2675.6951, 0
7933.8911, 0
-4836.2144, 0
-4794.0576, 0
-5617.2593, 0
-8348.6592, 0
1832.6530, 0
1990.6965, 0
-5324.4814, 0
8020.4995, 0
1771.6245, 0
-7027.6074, 0
5156.8721, 0
6530.9907, 0
8704.0244, 0
-98.1258, 0
-2150.9360, 0
4390.9297, 0
2196.5771, 0
5582.6074, 0
-1876.0781, 0
-7122.7085, 0
-3676.1326, 0
-5711.0991, 0
7521.4678, 0
-3827.0969, 0
8076.2705, 0
8203.9756, 0
5215.4443, 0
-5641.3633, 0
5103.7925, 0
-708.8900, 0
-7268.9536, 0
-257.3183, 0
7101.6094, 0
7777.2383, 0
361.6756, 0
2171.7183, 0
-6390.6118, 0
6289.3306, 0
-2683.1609, 0
-5594.4619, 0
1080.3412, 0
-5549.7212, 0
-798.8090, 0
7723.5566, 0
-2152.1206, 0
-2211.0842, 0
3648.8804, 0
2928.8977, 0
-905.6958, 0
-915.6881, 0
2474.6846, 0
-5382.4429, 0
2364.4421, 0
5694.3770, 0
7032.6157, 0
893.5385, 0
-6982.5732, 0
6635.7954, 0
2406.0088, 0
-3778.4177, 0
325.1424, 0
3856.8865, 0
2767.3823, 0
-4104.6836, 0
3157.7629, 0
-2690.2869, 0
-2984.4216, 0
2098.5540, 0
413.3429, 0
4226.9888, 0
-335.5923, 0
1780.4453, 0
1701.2341, 0
1970.0117, 0
5971.5298, 0
5668.1421, 0
-5167.0391, 0
882.0916, 0
-4031.5605, 0
-1723.0541, 0
-2741.6194, 0
4523.9995, 0
-6348.9102, 0
 92.2868, 0
-3316.2488, 0
-6265.8608, 0
6003.2617, 0
3903.5774, 0
-2767.8726, 0
-4272.6787, 0
5744.2676, 0
-4851.9102, 0
-936.7960, 0
1900.4631, 0
-3434.7375, 0
-1948.1094, 0
-1970.6573, 0
-2036.1917, 0
777.8601, 0
2782.1611, 0
3806.4009, 0
3273.3018, 0
-936.7557, 0
1379.1792, 0
4760.4116, 0
-4931.5352, 0
-1833.6638, 0
2025.2777, 0
-2987.7097, 0
-1841.2881, 0
1612.0181, 0
1170.0264, 0
1141.7393, 0
-5058.7168, 0
-4418.6958, 0
1728.5812, 0
-1922.7708, 0
-4230.7344, 0
1614.9465, 0
-3833.5867, 0
-4845.1597, 0
-304.7925, 0
1687.3558, 0
 45.9959, 0
-3967.3408, 0
-2501.5269, 0
-2476.4602, 0
-3777.2195, 0
-4627.5830, 0
-4090.5310, 0
-1624.6917, 0
2582.4363, 0
-2061.5767, 0
3605.1096, 0
-1030.1339, 0
2242.3259, 0
-2852.8684, 0
186.4070, 0
-4065.5889, 0
-2872.9695, 0
736.5061, 0
-2218.4480, 0
3147.2988, 0
-595.4268, 0
-1759.6151, 0
1908.3030, 0
-1055.4509, 0
-1246.1449, 0
3006.8799, 0
-739.4789, 0
-1457.0115, 0
3342.1624, 0
1089.5078, 0
2806.3647, 0
-2701.6431, 0
418.9212, 0
3417.9270, 0
3053.2009, 0
-130.6794, 0
-2652.1917, 0
2309.3831, 0
460.0615, 0
1889.8756, 0
-475.3055, 0
-2623.8181, 0
2075.6907, 0
-744.6023, 0
-1096.4166, 0
2444.2834, 0
 52.4979, 0
-866.2130, 0
-78.4275, 0
-2299.1208, 0
-3058.1240, 0
-92.3122, 0
-905.6898, 0
-2818.6287, 0
2206.5203, 0
2602.1482, 0
2065.6765, 0
-1159.0437, 0
-296.0314, 0
1883.7123, 0
2835.1868, 0
107.1704, 0
962.1533, 0
2303.0850, 0
 62.6299, 0
440.9451, 0
2143.1697, 0
-2033.5140, 0
568.8112, 0
 15.4678, 0
1623.0500, 0
-905.6222, 0
-29.2829, 0
-766.5109, 0
 -8.7637, 0
1875.6799, 0
2104.5342, 0
-526.5505, 0
275.2646, 0
-1522.1591, 0
 26.2964, 0
1793.2271, 0
-2259.2083, 0
-745.0986, 0
1774.9291, 0
-1454.3654, 0
1242.5372, 0
-1531.2518, 0
-1299.3342, 0
-998.4302, 0
-661.9339, 0
-1096.6982, 0
-1933.9260, 0
1677.9613, 0
-824.3463, 0
1839.6594, 0
-354.2567, 0
-327.6809, 0
-1425.8607, 0
259.9278, 0
-940.2617, 0
-897.9459, 0
1328.6388, 0
848.3161, 0
189.6009, 0
1478.8967, 0
-108.0919, 0
1124.0688, 0
-1064.6576, 0
-946.9026, 0
1265.5382, 0
259.1223, 0
-1096.4443, 0
629.1888, 0
-1366.4689, 0
-867.3198, 0
-950.8584, 0
1210.5568, 0
-503.0446, 0
-374.1033, 0
-336.6953, 0
-1107.4008, 0
729.2917, 0
-723.3983, 0
-287.8964, 0
-1041.8019, 0
-109.8460, 0
951.8946, 0
855.6321, 0
-656.0246, 0
520.7099, 0
767.6930, 0
-845.0229, 0
-36.9426, 0
999.7673, 0
-18.5739, 0
922.6292, 0
-903.2341, 0
748.4546, 0
-781.7586, 0
-595.7292, 0
-407.1909, 0
-788.7841, 0
764.2646, 0
-492.9199, 0
-743.5503, 0
737.2498, 0
-54.8237, 0
-733.4955, 0
 94.6880, 0
554.6701, 0
-494.4107, 0
117.6524, 0
 24.2320, 0
 57.9717, 0
512.8206, 0
196.2472, 0
271.5021, 0
-390.3293, 0
181.7074, 0
-325.4552, 0
234.1635, 0
450.2270, 0
-254.7347, 0
453.2085, 0
-158.0514, 0
 48.4103, 0
-134.5079, 0
-360.6081, 0
-371.0237, 0
296.5256, 0
-238.8570, 0
-340.6383, 0
-200.2633, 0
-202.8440, 0
 -1.3387, 0
-261.6957, 0
-138.3905, 0
 -1.7131, 0
 29.4220, 0
-168.7208, 0
-174.2472, 0
-155.7815, 0
-108.9059, 0
-14.1010, 0
 75.8062, 0
-144.4448, 0
-196.2400, 0
161.2138, 0
-32.7686, 0
177.9129, 0
-136.4951, 0
108.5925, 0
 37.8454, 0
136.2534, 0
-22.4719, 0
 82.5522, 0
 29.4491, 0
-16.6659, 0
-86.4436, 0
-82.8103, 0
-53.0083, 0
-12.8197, 0
 82.8619, 0
  2.1617, 0
 -4.6056, 0
-20.9473, 0
  1.3465, 0
 40.0273, 0
 25.3232, 0
-40.0500, 0
-24.2771, 0
-39.6258, 0
-18.3043, 0
  3.3473, 0
-20.2526, 0
 11.8571, 0
-14.3862, 0
  3.0386, 0
 -6.8310, 0
 -1.1610, 0
 -2.2360, 0
  5.0680, 0
 -0.8841, 0
  0.6119, 0
  1.6987, 0
  3.1301, 0
 -1.7825, 0
 -0.7462, 0
  0.4037, 0
 -0.2328, 0
  0.0029, 0
  0.0034, 256
 -0.1855, 256
  0.1255, 256
  0.5950, 256
 -0.0606, 256
  3.0772, 256
  2.8963, 256
 -1.9518, 256
  7.6849, 256
  7.8996, 256
 -1.6054, 256
-12.5002, 256
  2.5462, 256
-17.6230, 256
 -1.1729, 256
 16.0286, 256
-13.4627, 256
 -4.7023, 256
 28.4350, 256
 -2.8121, 256
  1.8870, 256
 -6.9605, 256
-37.1833, 256
 10.9215, 256
-64.9769, 256
 59.2767, 256
-63.2506, 256
 51.4822, 256
 51.4468, 256
-59.1014, 256
 -4.5166, 256
-67.9444, 256
 19.5899, 256
 80.7361, 256
 62.1857, 256
-62.1898, 256
 85.0186, 256
 70.2365, 256
148.4172, 256
 -1.5143, 256
 19.3019, 256
 10.1491, 256
 75.2218, 256
-134.7596, 256
-67.0746, 256
142.6253, 256
-204.2011, 256
198.1308, 256
-111.9112, 256
165.3995, 256
-102.3662, 256
 19.7909, 256
154.3658, 256
263.4558, 256
-201.3604, 256
-245.9960, 256
221.3352, 256
267.7425, 256
 38.5696, 256
-317.2534, 256
335.0326, 256
-23.2664, 256
-57.6442, 256
277.9939, 256
-265.9742, 256
-199.3947, 256
309.5662, 256
260.9836, 256
233.7851, 256
-362.8924, 256
394.8383, 256
-86.4658, 256
 31.6648, 256
-411.0395, 256
318.0802, 256
582.3613, 256
-100.6291, 256
-360.8709, 256
-606.0657, 256
305.1564, 256
124.0732, 256
-542.5250, 256
586.3861, 256
-370.4018, 256
-153.0079, 256
-478.4873, 256
-71.2282, 256
726.6999, 256
-737.1038, 256
231.1306, 256
-214.9024, 256
306.5429, 256
261.6249, 256
690.3554, 256
-520.4517, 256
-30.5691, 256
-800.7454, 256
378.9081, 256
-951.1017, 256
 71.5114, 256
640.7061, 256
498.1339, 256
-640.2802, 256
712.2243, 256
397.3041, 256
-289.3998, 256
-389.8365, 256
-420.8419, 256
 82.0928, 256
484.1844, 256
-1139.9728, 256
-218.0510, 256
647.7200, 256
-410.6461, 256
-975.6094, 256
1276.6851, 256
859.1499, 256
1329.1370, 256
309.2172, 256
1061.8062, 256
-310.0811, 256
1240.9287, 256
-793.3907, 256
378.5807, 256
-573.6056, 256
-73.7826, 256
-781.2930, 256
-1518.3750, 256
-529.9380, 256
188.3281, 256
-1125.5664, 256
-1609.2582, 256
 68.3634, 256
640.0405, 256
-94.1245, 256
1047.3978, 256
-1362.2435, 256
-848.7675, 256
1410.4797, 256
-798.5228, 256
883.4862, 256
-1821.6614, 256
-792.9775, 256
1991.7114, 256
-207.9082, 256
-1187.4431, 256
1759.9048, 256
1524.5923, 256
1495.6814, 256
334.7610, 256
861.5854, 256
1209.5928, 256
1887.0090, 256
-1897.0133, 256
809.8782, 256
2290.1328, 256
1195.8401, 256
-1022.2543, 256
855.4944, 256
-1653.9465, 256
-1085.9963, 256
-265.2463, 256
1612.1044, 256
664.9086, 256
-1324.3214, 256
1726.9463, 256
-2484.9778, 256
1374.4393, 256
-1373.1046, 256
-211.5500, 256
780.9540, 256
-2590.6687, 256
-2436.6885, 256
-408.1126, 256
185.3656, 256
-2852.3179, 256
2616.6526, 256
-114.7764, 256
-2085.6824, 256
230.4058, 256
1823.7472, 256
-2314.4785, 256
-2575.2156, 256
-1532.4672, 256
2067.1868, 256
2683.3010, 256
-3102.0173, 256
-164.3054, 256
661.2521, 256
-3179.0786, 256
-2087.0654, 256
 55.9884, 256
129.4988, 256
-3092.6248, 256
-571.3289, 256
1043.0109, 256
843.5361, 256
-1967.0227, 256
2084.4172, 256
2744.4392, 256
3259.6724, 256
-934.8315, 256
-914.0960, 256
2349.2141, 256
2984.1714, 256
-3714.6367, 256
216.3139, 256
3764.9741, 256
2499.0095, 256
577.6774, 256
-1580.5717, 256
-920.1691, 256
3191.2849, 256
-4151.9175, 256
3613.0767, 256
3977.5713, 256
-1880.3936, 256
-3559.0828, 256
-1553.1525, 256
4302.0332, 256
-994.3366, 256
-4257.1865, 256
-2213.9614, 256
-4454.9043, 256
462.6467, 256
1814.0948, 256
-4693.9536, 256
-4691.3560, 256
-2023.7018, 256
3765.6133, 256
-2420.5881, 256
1835.5066, 256
-1471.3317, 256
1267.3347, 256
-4856.2114, 256
-3930.4456, 256
2058.6604, 256
386.5769, 256
-839.0010, 256
4897.5327, 256
-1505.8113, 256
3736.2751, 256
-5204.0088, 256
-2139.9419, 256
-1272.0784, 256
-4017.8274, 256
4371.0718, 256
-5217.8940, 256
-2709.7063, 256
4411.5405, 256
1587.0116, 256
-2385.0933, 256
4840.2007, 256
1829.5880, 256
2481.1382, 256
3004.2305, 256
5276.4912, 256
889.2566, 256
2177.0771, 256
5678.7324, 256
-1667.0354, 256
-4714.2529, 256
4248.8804, 256
5756.2129, 256
-5090.8877, 256
-3040.4365, 256
4114.3066, 256
3782.8362, 256
-4629.9131, 256
695.3263, 256
4927.5601, 256
-5537.5352, 256
1429.7306, 256
-4231.4351, 256
-5985.3564, 256
6064.6343, 256
3785.1643, 256
-4646.3530, 256
3832.7217, 256
-1782.8914, 256
4879.4883, 256
-407.2260, 256
-1473.6824, 256
4544.1279, 256
-3983.0630, 256
-2367.5676, 256
298.3730, 256
-5034.6924, 256
-1509.1960, 256
-5780.8984, 256
2278.2175, 256
5761.9712, 256
2103.5083, 256
2587.4482, 256
6315.5957, 256
768.5547, 256
5638.9028, 256
4154.9302, 256
-1697.5369, 256
4486.7437, 256
-1046.0411, 256
-7005.1113, 256
-4093.8289, 256
-7331.2354, 256
-4902.1260, 256
  3.9120, 256
-3655.3005, 256
-3312.0305, 256
-6424.1426, 256
-5424.5659, 256
1191.6945, 256
-6594.8911, 256
-5367.1289, 256
 82.6430, 256
5001.7871, 256
4338.9136, 256
-6128.5791, 256
-2451.2588, 256
7553.1514, 256
-7302.0522, 256
-3779.2937, 256
-5046.0513, 256
6801.7749, 256
 51.4052, 256
4597.9878, 256
-3394.7566, 256
-3987.6152, 256
4043.1931, 256
-3562.7485, 256
1770.0504, 256
1395.9819, 256
8206.3486, 256
7075.1714, 256
2607.4773, 256
-6253.5806, 256
5504.3521, 256
7692.5420, 256
2947.8684, 256
-6191.2485, 256
8405.9238, 256
6039.3423, 256
279.5681, 256
-7697.3955, 256
941.1085, 256
-4173.8833, 256
2829.7935, 256
-2857.2390, 256
4350.4097, 256
1883.6218, 256
-6375.1978, 256
5365.8311, 256
1218.9442, 256
-2516.9402, 256
-7175.9521, 256
3033.7751, 256
1559.8732, 256
7479.1938, 256
-2850.2104, 256
-5810.1733, 256
-5588.0488, 256
-3747.3569, 256
-8239.7969, 256
9169.6914, 256
8513.9922, 256
7630.2173, 256
-4687.6948, 256
-3102.7124, 256
8888.0166, 256
4084.5986, 256
-6637.8828, 256
8060.3237, 256
3631.0886, 256
6400.8901, 256
-3419.1025, 256
699.3434, 256
3505.2390, 256
5865.0767, 256
-6276.6206, 256
6593.2739, 256
6449.0005, 256
-4160.3457, 256
-4749.6592, 256
9596.3916, 256
-5465.3911, 256
5470.7495, 256
1839.5210, 256
3818.7896, 256
3274.6147, 256
-5121.8184, 256
163.2889, 256
-5436.7520, 256
441.8364, 256
-6312.2334, 256
443.2785, 256
-1499.7539, 256
1203.5983, 256
10146.8877, 256
-2684.5566, 256
1959.7225, 256
8127.9053, 256
-1655.2977, 256
1148.4702, 256
1192.9894, 256
7860.9043, 256
-10201.5723, 256
1961.1194, 256
-3686.0933, 256
-8015.5537, 256
3454.2712, 256
3549.1057, 256
-3558.7983, 256
-729.9405, 256
889.4364, 256
-5889.0884, 256
5054.6982, 256
3570.3564, 256
-3725.4675, 256
-4758.5342, 256
-5345.7622, 256
-222.3296, 256
6169.1235, 256
6636.5493, 256
-5145.2456, 256
-4878.3188, 256
-8384.7412, 256
680.2735, 256
9924.9688, 256
9820.7412, 256
-1321.6958, 256
-7877.7720, 256
-8226.0498, 256
10741.9287, 256
9621.0928, 256
-4751.9663, 256
-8275.6621, 256
-9299.2559, 256
-6225.8887, 256
2154.8083, 256
8563.8984, 256
-4293.4604, 256
-1774.8682, 256
1932.7313, 256
589.7425, 256
-855.2864, 256
-6190.0142, 256
2188.1528, 256
1452.5845, 256
-753.2950, 256
10678.4951, 256
-1331.1476, 256
-8101.8247, 256
5813.2734, 256
-5142.8359, 256
1797.0707, 256
-773.3831, 256
7518.1118, 256
-10524.2256, 256
3913.2620, 256
-1331.4567, 256
4753.7432, 256
3193.7803, 256
-1380.1460, 256
8832.6953, 256
9095.2139, 256
-7906.7930, 256
-9217.4248, 256
-4445.2354, 256
10031.4443, 256
-5905.4624, 256
-153.3032, 256
6561.9780, 256
6368.0576, 256
-1955.4114, 256
-1493.1553, 256
3108.5356, 256
4065.3464, 256
-9009.6348, 256
1949.9574, 256
10577.8789, 256
1524.7875, 256
-10101.3301, 256
3456.7163, 256
-1448.9286, 256
2580.3269, 256
10375.1621, 256
-3670.3616, 256
3594.7737, 256
-3972.6907, 256
-2467.7246, 256
2445.9534, 256
11113.2959, 256
-10143.0938, 256
8419.7520, 256
8585.4688, 256
7085.8018, 256
-1991.4003, 256
7812.2466, 256
-2361.5986, 256
3786.0017, 256
-8734.3818, 256
9939.8770, 256
-2945.7983, 256
5348.1318, 256
8186.2593, 256
10733.5010, 256
3751.4609, 256
5078.3062, 256
11084.5049, 256
-1707.4354, 256
3793.6216, 256
-11322.5898, 256
960.9504, 256
-571.3254, 256
8943.7178, 256
-5458.4297, 256
-4084.3774, 256
198.5705, 256
-7184.8091, 256
4668.5063, 256
-9118.0029, 256
150.2211, 256
-6717.8013, 256
1517.2600, 256
7030.3955, 256
6331.6177, 256
2711.9736, 256
11354.8662, 256
-8202.5234, 256
5635.0972, 256
725.4803, 256
-9851.3691, 256
-9479.3271, 256
-2590.2808, 256
-5602.5874, 256
-2544.9863, 256
2264.1545, 256
-5943.7739, 256
-8453.0557, 256
3862.2258, 256
-674.6508, 256
-2381.3579, 256
-5920.7451, 256
4227.9829, 256
10909.4043, 256
10807.5293, 256
7134.7988, 256
-11058.5020, 256
-3115.7561, 256
3683.7561, 256
-1728.0226, 256
4818.6528, 256
10757.0625, 256
-1364.5720, 256
-6750.0088, 256
-4591.5444, 256
10835.9971, 256
5689.6104, 256
-5147.8560, 256
6360.2451, 256
4185.0015, 256
-7971.3906, 256
-5586.2847, 256
-1051.9895, 256
-9442.5264, 256
-6911.0303, 256
-4165.2471, 256
-9287.6719, 256
-10816.2021, 256
-9619.9307, 256
6032.8560, 256
-1687.0830, 256
2629.7559, 256
5448.9565, 256
-640.0649, 256
7057.0415, 256
3805.0405, 256
10269.5791, 256
-10621.2988, 256
2215.7905, 256
5859.3320, 256
-1902.7579, 256
9376.4131, 256
9803.6357, 256
-669.6105, 256
5232.1875, 256
-7518.5771, 256
-7723.6333, 256
5452.0181, 256
-4764.8623, 256
-2999.8638, 256
-7989.7837, 256
7256.5273, 256
-10416.0723, 256
-3389.9788, 256
-636.1813, 256
-2987.3496, 256
-2221.5625, 256
3296.3086, 256
-8976.8896, 256
-5545.8179, 256
-2952.1174, 256
-10247.5430, 256
4997.3062, 256
1237.0974, 256
2555.1675, 256
10178.7412, 256
-10266.3564, 256
-2578.6628, 256
1085.3511, 256
2937.1753, 256
4271.2202, 256
-6232.8218, 256
-3564.9890, 256
-7023.5396, 256
2248.8770, 256
-2267.3438, 256
-8473.1846, 256
-2911.3574, 256
8362.2354, 256
-6207.8022, 256
-930.9886, 256
3697.4849, 256
8266.8252, 256
5732.3374, 256
5298.8975, 256
-3494.5615, 256
1379.4120, 256
5502.3901, 256
-2727.7981, 256
8347.1592, 256
8999.6787, 256
2010.7112, 256
-1102.1627, 256
-4058.2422, 256
1138.8173, 256
6214.9546, 256
9452.7676, 256
-9639.8945, 256
8590.4902, 256
8198.5781, 256
6559.8906, 256
4713.8193, 256
2779.2473, 256
-535.5338, 256
4022.2466, 256
2243.3486, 256
-9617.7676, 256
2464.7256, 256
6760.1948, 256
-3763.5671, 256
8181.1997, 256
-216.1728, 256
780.5568, 256
2710.9045, 256
-5305.5273, 256
-8056.1011, 256
3302.5972, 256
127.7117, 256
7909.3315, 256
7839.4072, 256
-5916.7539, 256
-5774.1260, 256
-2244.3413, 256
-6279.0703, 256
157.9302, 256
-6597.8115, 256
-2367.6367, 256
7003.1934, 256
4558.3213, 256
-2684.5525, 256
8773.1885, 256
6017.1543, 256
-1168.9158, 256
4112.8877, 256
-5130.0381, 256
4097.1484, 256
5312.8794, 256
-5921.7627, 256
-704.4733, 256
5020.8247, 256
-4218.1758, 256
-4418.2783, 256
-3831.4873, 256
-8559.0049, 256
-8381.4502, 256
3493.6909, 256
436.6907, 256
-8515.4902, 256
-4489.2656, 256
737.9216, 256
-275.7991, 256
5919.1377, 256
-7068.6196, 256
4697.4331, 256
-7495.2817, 256
-2660.7290, 256
5564.5244, 256
-3378.5906, 256
-2953.6584, 256
5838.8320, 256
-2741.1089, 256
-7532.8574, 256
-3895.3130, 256
-5371.9087, 256
2013.1294, 256
5171.0679, 256
-4934.2983, 256
3600.4321, 256
6060.1592, 256
7218.3223, 256
-3522.1892, 256
4390.7041, 256
-6503.2646, 256
-5100.9185, 256
-6462.4961, 256
-5832.4609, 256
4899.5444, 256
-877.1528, 256
-878.6609, 256
-6095.0234, 256
-7450.5938, 256
3894.6956, 256
7106.2944, 256
-4821.2212, 256
6927.3770, 256
454.9628, 256
-83.5665, 256
-2434.9878, 256
6159.2432, 256
6996.0190, 256
-3600.3342, 256
5517.6396, 256
-6682.9888, 256
-3033.2820, 256
-4008.3340, 256
5245.8276, 256
-181.2527, 256
778.5411, 256
4122.4468, 256
-1641.4435, 256
-5748.2524, 256
-719.6639, 256
-3468.5586, 256
-224.3117, 256
-922.2560, 256
-6332.5029, 256
2629.2463, 256
-1973.3271, 256
-2872.6724, 256
-4791.5806, 256
1270.6836, 256
5409.4214, 256
-2292.4353, 256
5619.4390, 256
3823.8420, 256
2271.8318, 256
-2713.9553, 256
-4916.0361, 256
-4445.9165, 256
-6066.5435, 256
-183.7150, 256
-2942.4375, 256
3857.6399, 256
-506.2959, 256
-3390.2446, 256
-3087.7878, 256
-5123.7344, 256
1182.1151, 256
2594.1072, 256
4087.7346, 256
1873.2544, 256
4237.4277, 256
-3616.2554, 256
-3817.8210, 256
4693.8555, 256
3934.6553, 256
-3761.7539, 256
-4281.1709, 256
4398.2734, 256
1186.1189, 256
-1733.8126, 256
4258.7300, 256
-2829.1538, 256
-1261.0122, 256
2045.9003, 256
-4051.8196, 256
252.3851, 256
-643.2681, 256
685.7162, 256
-1581.8655, 256
226.5822, 256
3317.1895, 256
1716.4808, 256
3255.6587, 256
3956.4563, 256
490.8194, 256
-3058.2803, 256
-3300.7927, 256
2655.2429, 256
1053.4817, 256
-3644.7612, 256
-734.9175, 256
-2695.0291, 256
-24.3563, 256
-1432.8679, 256
303.9173, 256
-4300.3389, 256
4121.0459, 256
3055.4336, 256
-3957.8010, 256
-3383.2544, 256
-2711.9861, 256
-350.3305, 256
645.1812, 256
-2031.2195, 256
-3700.1877, 256
3957.1001, 256
455.3604, 256
1305.0284, 256
-3778.6970, 256
2698.2593, 256
-3447.7085, 256
3044.0476, 256
-1380.3693, 256
-2069.0403, 256
-3518.9192, 256
312.6448, 256
-3044.1191, 256
-3340.2417, 256
2517.4207, 256
1294.7302, 256
-1363.0853, 256
1838.2881, 256
3282.1392, 256
-796.2925, 256
-1679.7097, 256
1722.6338, 256
1691.2101, 256
1501.8292, 256
2745.0574, 256
-1583.4434, 256
-659.9330, 256
-2607.2114, 256
1001.9642, 256
-1017.5993, 256
1981.9713, 256
-119.7643, 256
-467.7514, 256
-2338.7446, 256
2811.4871, 256
2696.3911, 256
2771.3088, 256
-2639.9861, 256
-2622.2258, 256
-2444.0044, 256
-324.7765, 256
1665.0248, 256
1338.2429, 256
 14.3826, 256
689.3984, 256
2112.8369, 256
-216.6481, 256
1613.4167, 256
176.9861, 256
-2327.9431, 256
-1873.5925, 256
1034.9441, 256
-898.2078, 256
-2334.6882, 256
-1309.4386, 256
-317.4317, 256
-2113.6072, 256
-740.4660, 256
712.1901, 256
1553.8644, 256
360.1361, 256
-13.8551, 256
-653.6252, 256
 35.5471, 256
759.7175, 256
1961.9792, 256
444.8640, 256
962.1537, 256
-923.6673, 256
833.4988, 256
462.7225, 256
537.3485, 256
1840.0325, 256
1208.4968, 256
-1119.1628, 256
-1262.8109, 256
1787.6460, 256
-1177.5188, 256
245.9010, 256
288.2457, 256
231.1566, 256
-1651.4911, 256
-144.6365, 256
394.6490, 256
 -7.2671, 256
243.2845, 256
-336.0771, 256
-335.6537, 256
743.5713, 256
 82.7378, 256
-101.2460, 256
981.2123, 256
-1296.7675, 256
1302.7480, 256
-463.4501, 256
-729.9864, 256
561.8130, 256
-385.7240, 256
 70.6069, 256
910.4727, 256
1160.7954, 256
927.8574, 256
 35.8029, 256
-541.7211, 256
-975.5745, 256
-1124.0670, 256
-1090.1104, 256
567.7552, 256
227.4074, 256
902.0907, 256
-45.4550, 256
112.3764, 256
335.9061, 256
-125.6334, 256
-283.7260, 256
-113.8674, 256
-416.8774, 256
520.2264, 256
-560.1788, 256
-138.0705, 256
121.1640, 256
740.9611, 256
-240.7577, 256
710.9547, 256
-417.2658, 256
390.2509, 256
351.3734, 256
-387.5016, 256
-382.5598, 256
242.3854, 256
261.0714, 256
-352.9827, 256
526.3473, 256
-549.1623, 256
407.2000, 256
450.0593, 256
  1.8854, 256
457.9628, 256
327.3746, 256
-376.6784, 256
-347.4971, 256
-194.7520, 256
-163.5399, 256
 77.3429, 256
-78.2055, 256
128.1746, 256
327.1261, 256
-350.6278, 256
 -9.8103, 256
 68.4065, 256
196.7317, 256
301.8178, 256
-293.4621, 256
141.6387, 256
142.2540, 256
-78.8200, 256
 32.9324, 256
 94.3815, 256
-188.8783, 256
 81.0797, 256
225.7215, 256
191.0285, 256
-201.5872, 256
169.9051, 256
187.1856, 256
 21.7945, 256
-20.9171, 256
-156.5957, 256
 88.0522, 256
-58.3195, 256
141.3121, 256
-94.9637, 256
 88.3452, 256
-93.3001, 256
 58.3934, 256
 -3.3055, 256
 31.2375, 256
-37.3458, 256
 44.5183, 256
-69.8129, 256
 18.2551, 256
 56.2864, 256
 -5.7789, 256
-65.4462, 256
-35.0157, 256
-40.6613, 256
 46.4514, 256
-49.6351, 256
-37.9230, 256
 -9.9972, 256
 31.3995, 256
 16.7769, 256
-20.9602, 256
-24.7030, 256
  4.2230, 256
 -9.3999, 256
 -3.6349, 256
 -7.4810, 256
  3.2930, 256
 -9.1974, 256
 -2.1607, 256
  2.8868, 256
 -1.5115, 256
  2.9543, 256
 -0.2134, 256
  0.2641, 256
 -0.2973, 256
  0.0344, 256
 -0.0182, 256
  0.0119, 512
  0.1894, 512
  0.6702, 512
 -0.8996, 512
  1.1349, 512
 -0.0602, 512
  3.7002, 512
 -0.7969, 512
 -6.8177, 512
 -9.5586, 512
 -1.9943, 512
-13.7070, 512
 11.0306, 512
  3.1154, 512
 12.0437, 512
 20.3506, 512
-24.4396, 512
-30.9111, 512
 -5.9558, 512
-14.3160, 512
  6.5732, 512
 33.3128, 512
-50.8062, 512
 24.9199, 512
-13.1414, 512
 48.2178, 512
-73.7569, 512
 69.0741, 512
-21.1328, 512
 23.9032, 512
-40.4565, 512
 15.2349, 512
 64.5926, 512
-102.5893, 512
-89.5874, 512
-22.2594, 512
-10.8017, 512
  5.1037, 512
-80.3908, 512
-125.0275, 512
-60.9541, 512
 -0.6673, 512
159.5888, 512
 -5.8117, 512
 70.6491, 512
193.0925, 512
151.8873, 512
-126.1236, 512
-35.7249, 512
144.0699, 512
 54.5067, 512
-122.9739, 512
-263.6693, 512
-196.4838, 512
274.1906, 512
-80.7519, 512
-29.1992, 512
315.8634, 512
-352.1439, 512
180.2692, 512
-139.8800, 512
261.4757, 512
-344.7901, 512
236.9161, 512
-52.4418, 512
174.5309, 512
299.2739, 512
285.9840, 512
267.8518, 512
-472.3557, 512
-383.3326, 512
336.2306, 512
247.7752, 512
-402.4128, 512
189.4742, 512
516.1805, 512
-224.4633, 512
-139.9084, 512
-466.7466, 512
-606.7621, 512
-395.6865, 512
-42.8183, 512
526.1002, 512
-558.5418, 512
154.0941, 512
778.4587, 512
274.6250, 512
-731.7888, 512
-360.9807, 512
509.6761, 512
-234.1383, 512
495.8026, 512
123.4673, 512
-342.2274, 512
284.9898, 512
-771.3313, 512
-641.1357, 512
-625.2294, 512
 67.7892, 512
-43.9848, 512
765.9774, 512
-131.0760, 512
-1068.9751, 512
648.8511, 512
-988.9233, 512
503.5511, 512
-719.8796, 512
316.8900, 512
-644.4941, 512
280.1236, 512
-928.2990, 512
-1199.0156, 512
-802.9880, 512
-1011.7194, 512
-718.6315, 512
-793.4556, 512
1224.0302, 512
-516.7903, 512
-1056.3284, 512
-340.8734, 512
 69.0459, 512
-440.7340, 512
1289.5812, 512
-259.2401, 512
-69.6667, 512
1477.3961, 512
715.8823, 512
119.5747, 512
-1440.8198, 512
-826.9032, 512
-1136.4242, 512
953.2477, 512
396.4921, 512
807.0737, 512
237.5712, 512
1470.5328, 512
615.8874, 512
500.9061, 512
1233.7827, 512
-1950.2795, 512
1680.6780, 512
-1603.2744, 512
-1548.2089, 512
 67.6039, 512
-1563.0507, 512
1802.1353, 512
-1527.2637, 512
305.2413, 512
1014.7981, 512
-1403.0439, 512
-176.3932, 512
866.0260, 512
-233.9240, 512
-1383.5206, 512
-1471.1680, 512
-1797.5714, 512
-75.0256, 512
1178.8701, 512
782.9449, 512
-1946.5010, 512
-1908.8705, 512
-1104.2190, 512
-568.5015, 512
2064.4607, 512
-2533.4546, 512
-589.7617, 512
497.5301, 512
802.0891, 512
-2474.4409, 512
-1690.0768, 512
1717.6199, 512
1063.4349, 512
-630.6367, 512
-2853.6492, 512
2772.2302, 512
-2532.6101, 512
1204.9945, 512
2336.7507, 512
-1639.6051, 512
-1299.1309, 512
3189.5762, 512
2575.3210, 512
-706.1306, 512
-599.4441, 512
-1959.5375, 512
1488.4901, 512
-53.3534, 512
-160.9134, 512
-333.3441, 512
-1352.4436, 512
193.1335, 512
3121.4626, 512
-2556.3699, 512
1823.0653, 512
3315.4592, 512
-2067.7778, 512
2375.2283, 512
-2780.1311, 512
-1527.3361, 512
3254.1870, 512
160.8670, 512
3436.0757, 512
-3699.0940, 512
-3741.7605, 512
-939.3848, 512
1680.3802, 512
-2950.5352, 512
 18.8556, 512
-699.7560, 512
4124.8872, 512
4095.5610, 512
2717.7629, 512
-2908.8064, 512
3955.2874, 512
-1642.5817, 512
593.4303, 512
2838.0994, 512
1435.9471, 512
901.9376, 512
-3318.9995, 512
-1643.3949, 512
-1008.3439, 512
-3428.3684, 512
-2070.1599, 512
3359.7410, 512
-2244.2185, 512
-4570.8052, 512
2708.4702, 512
-1154.7219, 512
  2.5513, 512
1898.2638, 512
3837.1758, 512
2468.3032, 512
2328.4504, 512
-3363.6458, 512
-2020.0782, 512
3355.6296, 512
-4278.0239, 512
2856.9365, 512
-1712.9630, 512
3315.1660, 512
-98.0681, 512
-403.3306, 512
-2159.5483, 512
-3354.2188, 512
-1678.5618, 512
-543.9851, 512
1177.4957, 512
3832.2595, 512
255.2591, 512
3439.8062, 512
-2474.8538, 512
-416.2364, 512
846.1783, 512
1184.2236, 512
-2012.4252, 512
2004.1399, 512
-1806.2480, 512
-643.9309, 512
4104.3086, 512
4710.1597, 512
-5653.0371, 512
-4990.6982, 512
-2229.9668, 512
2298.0835, 512
387.3797, 512
3175.4585, 512
-3229.4321, 512
-4186.7622, 512
5650.9849, 512
5370.4390, 512
4076.8459, 512
-1584.5770, 512
-2997.2236, 512
-1615.9095, 512
-5493.4937, 512
-4489.7329, 512
284.1060, 512
1466.3608, 512
-5311.5186, 512
-3695.9851, 512
-1404.7236, 512
2210.6328, 512
6519.8496, 512
2923.3496, 512
1401.4801, 512
3794.1157, 512
3919.7581, 512
3733.8086, 512
3835.3728, 512
1071.4359, 512
-569.3447, 512
3505.4412, 512
462.7025, 512
1495.3923, 512
-586.6917, 512
-3200.2454, 512
3275.0776, 512
774.0713, 512
-7200.6113, 512
2676.7170, 512
-3753.2446, 512
-4966.1567, 512
 24.9337, 512
2653.6414, 512
-1924.2905, 512
3033.4292, 512
-2936.0188, 512
-563.9131, 512
-1079.8990, 512
-5798.8545, 512
-5974.2759, 512
-3490.4666, 512
6821.6987, 512
295.2514, 512
-791.1608, 512
6373.1445, 512
7537.8198, 512
1830.5325, 512
5427.0215, 512
-400.9470, 512
-887.6255, 512
2343.8604, 512
-2851.0884, 512
3299.2549, 512
-7359.8325, 512
-7683.6777, 512
-2805.4736, 512
3145.1716, 512
-3314.4805, 512
5446.1802, 512
-6975.7559, 512
-4111.2334, 512
1326.4719, 512
-4883.2095, 512
653.3030, 512
-3497.4114, 512
-4232.8198, 512
-7681.7041, 512
6978.9023, 512
4319.2734, 512
-4683.9097, 512
-3220.9802, 512
-4391.2568, 512
1696.2073, 512
2660.5200, 512
-8570.8809, 512
2351.8552, 512
 71.0702, 512
7528.8394, 512
-3146.4465, 512
1954.5065, 512
1316.8198, 512
-1522.5959, 512
-1447.5312, 512
6997.2109, 512
-8309.1445, 512
2327.6067, 512
-2438.1172, 512
-6803.3462, 512
4929.3320, 512
7416.6440, 512
6922.3579, 512
7509.4214, 512
-817.8550, 512
-602.5475, 512
-5200.8013, 512
-8783.2627, 512
-1758.2112, 512
-2845.7046, 512
5646.1094, 512
3865.6213, 512
-7828.7275, 512
6676.8433, 512
-6693.4287, 512
-4697.3740, 512
3412.0532, 512
869.6147, 512
2130.2378, 512
2802.5852, 512
-7151.8394, 512
2064.4182, 512
-4352.7446, 512
3326.5015, 512
-6705.0869, 512
4839.6030, 512
-6817.2173, 512
8477.3389, 512
2384.0447, 512
9966.1953, 512
4076.7112, 512
-9172.2207, 512
-6736.3394, 512
-7228.7764, 512
1498.2513, 512
1008.2648, 512
379.0656, 512
-9076.8291, 512
664.3849, 512
-6189.9009, 512
8433.1826, 512
-2870.5854, 512
4723.6289, 512
-2958.4541, 512
-9958.8398, 512
4406.6782, 512
-6234.3047, 512
-3804.9163, 512
5121.6548, 512
-509.5483, 512
4792.6621, 512
7524.0942, 512
-8002.8154, 512
-8291.3145, 512
7300.7192, 512
-1883.4395, 512
6264.1118, 512
-9113.3555, 512
-668.2714, 512
-7097.4219, 512
-8924.6084, 512
5513.8950, 512
-5634.3105, 512
6092.5571, 512
-2694.3953, 512
3031.1646, 512
4533.4917, 512
-3054.3669, 512
2284.4565, 512
9297.2900, 512
-6467.5669, 512
3086.6792, 512
5217.8379, 512
8363.5391, 512
8935.0059, 512
-7208.5293, 512
6267.5371, 512
2567.0264, 512
10346.8330, 512
1252.8170, 512
-10394.9395, 512
4067.5149, 512
5789.6025, 512
8642.1777, 512
-9077.1084, 512
-4313.3447, 512
-6264.2759, 512
6751.0337, 512
-2987.5222, 512
2745.8452, 512
5763.4282, 512
-5811.2148, 512
-10809.1689, 512
5953.5581, 512
-1393.9943, 512
5719.2690, 512
-3426.1643, 512
 -4.4278, 512
10111.8262, 512
-537.1969, 512
10432.0781, 512
4065.7524, 512
8460.5166, 512
9297.5498, 512
-3408.8513, 512
6526.3350, 512
298.8784, 512
8671.3408, 512
-6505.3452, 512
2907.8645, 512
6172.0527, 512
-10342.3896, 512
4574.8687, 512
4823.1982, 512
10179.8604, 512
-7083.6221, 512
-9304.1377, 512
7549.9395, 512
-6329.0068, 512
-9117.0508, 512
-8262.5039, 512
657.0802, 512
4336.0508, 512
-6120.4761, 512
11041.4482, 512
3239.5569, 512
7934.4331, 512
7462.2598, 512
6701.7988, 512
4402.7437, 512
-6219.7197, 512
-413.6961, 512
-11290.7783, 512
-6454.9243, 512
11401.6055, 512
2380.3738, 512
6302.3955, 512
2423.4695, 512
-9907.4238, 512
-7990.0977, 512
-8997.9219, 512
6684.7725, 512
6540.7847, 512
10189.0254, 512
-10610.0596, 512
3289.2114, 512
-977.0249, 512
-5644.4888, 512
-10810.9775, 512
9912.7148, 512
-10962.9658, 512
6811.0015, 512
-5542.2788, 512
-8191.2290, 512
-2373.2815, 512
3251.6499, 512
5762.8906, 512
-5617.6201, 512
-9552.5400, 512
-1297.9012, 512
-9182.1592, 512
-638.2326, 512
-3349.7412, 512
558.7695, 512
765.4824, 512
5502.3184, 512
2688.9749, 512
10927.4814, 512
-2938.1912, 512
-6230.7163, 512
1228.5402, 512
-442.3649, 512
4988.6201, 512
9549.5488, 512
-10324.0918, 512
-6627.7036, 512
5595.4800, 512
1210.2603, 512
7963.0220, 512
-1371.3630, 512
-8935.0234, 512
-3096.8992, 512
-8064.7368, 512
7874.3076, 512
3334.4197, 512
11076.7549, 512
-3354.0632, 512
-3484.7256, 512
-10545.8428, 512
-8875.3281, 512
-9544.2998, 512
-4223.8809, 512
8426.4316, 512
4842.1465, 512
5960.1221, 512
1094.9824, 512
239.3217, 512
8773.8467, 512
-4612.3481, 512
 36.0579, 512
-9804.5068, 512
-4431.6460, 512
629.4877, 512
9247.8145, 512
7689.1880, 512
5385.0083, 512
-237.4541, 512
1580.4888, 512
-1135.1387, 512
5176.1089, 512
809.6850, 512
9957.1777, 512
-3370.2144, 512
3375.1023, 512
1828.1163, 512
-2348.9653, 512
-8676.5498, 512
-286.0591, 512
10262.0254, 512
2775.6384, 512
-1961.5536, 512
8317.6719, 512
-9668.5557, 512
-5051.8623, 512
-10742.8965, 512
-9671.6523, 512
-6201.2173, 512
-6766.2153, 512
-5093.7832, 512
2709.0391, 512
-2537.4229, 512
-4445.0811, 512
-4128.8965, 512
-685.1911, 512
2238.4082, 512
-7150.9448, 512
10822.0068, 512
-531.2775, 512
5660.9819, 512
-8144.6748, 512
-2184.8408, 512
-752.9277, 512
-8667.7500, 512
-2489.1331, 512
6867.1602, 512
2283.6611, 512
-10212.0898, 512
1572.9672, 512
5008.1045, 512
-4118.5923, 512
-2614.4236, 512
-3159.1729, 512
-1143.3201, 512
1369.6521, 512
9908.1191, 512
-3049.1790, 512
1303.7297, 512
7211.2319, 512
1236.2644, 512
-10229.5117, 512
-7382.2524, 512
-10005.0059, 512
5459.5322, 512
-5175.6372, 512
-597.8002, 512
-5466.6938, 512
-7715.5562, 512
4223.0767, 512
-2829.6868, 512
-9340.2070, 512
3910.5747, 512
9331.2354, 512
-2579.4583, 512
6972.1069, 512
2975.4658, 512
8105.3442, 512
7053.5469, 512
-5038.3091, 512
8169.2720, 512
-2949.6575, 512
-5867.5415, 512
2867.6311, 512
-7580.7959, 512
4594.1841, 512
-608.1101, 512
3114.4895, 512
4530.9551, 512
-2848.8706, 512
-2038.0610, 512
-41.3887, 512
-8571.9521, 512
1560.8197, 512
1921.4248, 512
3086.0549, 512
-4810.1528, 512
-4761.7827, 512
1424.0050, 512
3516.6985, 512
654.1031, 512
-2626.6147, 512
8335.3340, 512
3345.9822, 512
-6067.7012, 512
-7335.9971, 512
-5754.2490, 512
-7568.5142, 512
-4930.2808, 512
8759.8076, 512
-4204.0498, 512
-2204.5681, 512
-8619.5264, 512
-7666.1284, 512
4076.7612, 512
7266.6045, 512
6508.3696, 512
-5204.2881, 512
4196.1162, 512
6405.6050, 512
-1458.9084, 512
8556.1709, 512
-1851.2609, 512
767.9515, 512
-8674.1582, 512
1173.1929, 512
5756.6279, 512
3755.4570, 512
-6706.1323, 512
4256.4263, 512
-4221.9575, 512
-5321.7603, 512
1745.0863, 512
2156.7126, 512
-2725.5610, 512
2358.2610, 512
-1458.9962, 512
6559.9053, 512
-7269.5962, 512
413.6942, 512
2512.6555, 512
908.3474, 512
-3739.3521, 512
5253.5996, 512
5657.4429, 512
-1735.0100, 512
-4969.3408, 512
-5977.0298, 512
4429.3184, 512
-689.6472, 512
5100.6978, 512
-7095.3110, 512
-14.4944, 512
7428.0967, 512
-5235.6362, 512
1286.6323, 512
-927.1798, 512
-2623.5139, 512
-7468.3228, 512
4021.9961, 512
4917.4160, 512
-6371.1328, 512
2692.9104, 512
1646.6985, 512
5181.4814, 512
6238.8960, 512
3325.2034, 512
5982.1372, 512
-1523.1110, 512
-377.7411, 512
824.8390, 512
4505.0312, 512
1605.2646, 512
1758.5627, 512
-4414.1963, 512
-2847.4119, 512
-4419.7520, 512
5902.7690, 512
-4302.0986, 512
-3257.5244, 512
-3850.3850, 512
4226.8628, 512
712.8698, 512
2663.2920, 512
-2712.1863, 512
2549.7998, 512
3064.8022, 512
1811.8502, 512
5179.8608, 512
-1083.6111, 512
-126.5020, 512
-761.0154, 512
6295.7964, 512
4663.2148, 512
2626.1794, 512
-179.4553, 512
-1210.2505, 512
-1090.2396, 512
1398.0894, 512
-4150.4980, 512
-1305.7592, 512
-3969.3735, 512
-3411.8706, 512
5426.1909, 512
5361.0503, 512
-4980.1709, 512
3674.7346, 512
-5584.5181, 512
-3236.7329, 512
2183.3625, 512
-1376.4122, 512
1422.2534, 512
-3651.1924, 512
 57.1875, 512
2613.1082, 512
3988.2261, 512
3069.2737, 512
161.3336, 512
1569.6062, 512
524.7059, 512
5105.7881, 512
3895.4187, 512
4978.3940, 512
-2650.9663, 512
-1711.6477, 512
-5183.3965, 512
5159.8730, 512
4687.4629, 512
4405.9800, 512
3542.5679, 512
-699.4053, 512
-1076.9630, 512
-1320.1876, 512
-2529.2917, 512
2058.8804, 512
-4046.3391, 512
-1502.4591, 512
335.2200, 512
-774.8215, 512
-1084.5463, 512
-2860.8096, 512
-1377.3057, 512
-2201.1655, 512
3881.7454, 512
-3016.8347, 512
-3495.7273, 512
-1339.3391, 512
-157.2282, 512
795.2967, 512
4073.8462, 512
1099.3130, 512
-4019.1892, 512
4288.0479, 512
-3140.8286, 512
1933.0223, 512
1087.1018, 512
3666.3972, 512
3902.8457, 512
864.4212, 512
604.5938, 512
2636.1396, 512
-639.6760, 512
1945.9590, 512
1003.9753, 512
2931.0618, 512
1957.2125, 512
2581.0378, 512
1089.5381, 512
-2530.4128, 512
-912.6713, 512
-958.7123, 512
2823.9121, 512
-282.8987, 512
1946.9144, 512
189.6605, 512
2240.9978, 512
-468.2864, 512
-259.5742, 512
814.0884, 512
1945.7240, 512
728.2699, 512
2071.2043, 512
1656.5824, 512
-1036.3135, 512
-1948.4561, 512
2484.8179, 512
-2554.4153, 512
2322.3330, 512
1141.1141, 512
1899.6022, 512
1641.5142, 512
-1228.2874, 512
1641.8562, 512
177.6999, 512
2754.8955, 512
300.8306, 512
-1476.1334, 512
909.4838, 512
-1783.5660, 512
2623.2368, 512
-2302.7969, 512
2633.3889, 512
2612.8333, 512
1619.9777, 512
-1144.5071, 512
-1104.4490, 512
1100.7811, 512
 81.9490, 512
-364.6553, 512
2451.1882, 512
1165.7620, 512
565.6483, 512
-1585.2413, 512
128.1613, 512
2244.2776, 512
1271.0830, 512
1345.8528, 512
-1133.3394, 512
1068.3081, 512
1091.2148, 512
1258.7594, 512
1566.4376, 512
-108.0981, 512
2036.9845, 512
1060.4222, 512
-95.8214, 512
-1235.6222, 512
655.9183, 512
-838.4701, 512
1484.7301, 512
1672.3687, 512
1328.0503, 512
1464.1982, 512
249.4008, 512
1150.1119, 512
-1111.8951, 512
-378.8639, 512
1331.7930, 512
340.3599, 512
1450.7397, 512
-235.1832, 512
-36.3636, 512
-497.1001, 512
885.1686, 512
510.3236, 512
1062.4132, 512
884.5010, 512
1275.2333, 512
 69.4854, 512
-210.0614, 512
-312.2609, 512
260.0550, 512
-590.6479, 512
-484.9073, 512
-603.5851, 512
-1139.7920, 512
794.7050, 512
1124.1754, 512
619.8423, 512
-844.8336, 512
-551.7399, 512
-573.9094, 512
198.6874, 512
108.5156, 512
-883.0669, 512
 11.1371, 512
163.9877, 512
-408.6246, 512
 74.7026, 512
-91.0461, 512
446.9681, 512
-578.5784, 512
-599.3532, 512
614.5591, 512
552.6293, 512
-789.6697, 512
508.3564, 512
697.3087, 512
-700.0109, 512
683.8326, 512
 36.5488, 512
 16.9124, 512
-84.7170, 512
-621.7694, 512
569.6458, 512
-334.2177, 512
-280.7198, 512
-482.2201, 512
140.2403, 512
 -9.6730, 512
 84.2172, 512
-77.1212, 512
-164.7770, 512
-295.7987, 512
409.0733, 512
-89.1851, 512
358.0657, 512
352.4359, 512
430.0508, 512
-307.6305, 512
 76.2227, 512
383.4698, 512
285.1317, 512
281.4710, 512
-163.4655, 512
156.6653, 512
 62.3529, 512
-128.0733, 512
307.4438, 512
-269.1485, 512
-85.7364, 512
 32.8707, 512
277.8061, 512
171.5064, 512
 44.9975, 512
-212.5232, 512
 59.0447, 512
-74.9993, 512
 53.8693, 512
221.7996, 512
-90.0738, 512
 94.6398, 512
-101.9183, 512
-61.4946, 512
141.4243, 512
 79.6919, 512
-92.4860, 512
 69.9724, 512
-129.9704, 512
-60.2545, 512
127.5355, 512
-20.8237, 512
-15.0709, 512
 46.0548, 512
 94.2338, 512
-52.9534, 512
 76.4123, 512
-17.9543, 512
 37.6971, 512
 -5.4253, 512
-30.3134, 512
  7.5368, 512
-32.4596, 512
 48.4965, 512
 -2.3948, 512
-42.0375, 512
 23.4050, 512
-16.2701, 512
 18.0502, 512
-21.8792, 512
  8.6052, 512
 21.6128, 512
-13.4751, 512
 -0.1566, 512
 10.0375, 512
 -5.0588, 512
  5.9200, 512
  4.8783, 512
  5.8248, 512
  0.3373, 512
 -2.9507, 512
  0.7647, 512
  0.7158, 512
  0.0997, 512
 -0.0367, 512
  0.0205, 512
 -0.0019, 768
  0.1214, 768
  0.3397, 768
 -1.1876, 768
 -1.7904, 768
 -0.4745, 768
  0.9679, 768
 -0.5382, 768
 -2.4975, 768
 -8.8704, 768
 -5.1258, 768
-11.2742, 768
  2.1389, 768
 14.6497, 768
 14.4485, 768
 10.4747, 768
 -8.1105, 768
 -5.5791, 768
-31.6549, 768
  3.2596, 768
  8.6412, 768
  7.6325, 768
-35.3893, 768
 57.2589, 768
 41.8177, 768
-61.4220, 768
-65.7371, 768
 58.8962, 768
 -2.2378, 768
-28.5625, 768
 85.5485, 768
-99.9671, 768
-113.8524, 768
-55.1614, 768
-81.0144, 768
 14.3740, 768
131.9106, 768
105.3698, 768
-70.8706, 768
-152.4542, 768
-104.6094, 768
 85.1440, 768
-188.8291, 768
 35.2781, 768
169.4995, 768
-221.4010, 768
113.6438, 768
-164.4448, 768
147.1593, 768
 74.2595, 768
-82.4070, 768
 63.1367, 768
 82.1580, 768
 83.1442, 768
245.0148, 768
-18.8276, 768
-201.2380, 768
107.9149, 768
 30.9726, 768
-270.3106, 768
279.8430, 768
-235.6575, 768
-273.1747, 768
338.1783, 768
253.9152, 768
-292.6032, 768
364.3676, 768
444.9576, 768
-74.1609, 768
289.8806, 768
  6.9053, 768
 43.5704, 768
181.1780, 768
-26.9268, 768
169.5155, 768
-109.9824, 768
264.4070, 768
547.5710, 768
351.6319, 768
-475.0417, 768
-241.6984, 768
-621.0284, 768
561.5319, 768
-686.1061, 768
-477.5158, 768
-211.0512, 768
-547.4162, 768
-19.4187, 768
349.3138, 768
809.4250, 768
-520.4514, 768
327.8001, 768
690.8339, 768
-611.5585, 768
584.4980, 768
-948.1750, 768
942.6356, 768
-154.8780, 768
-413.1443, 768
388.5656, 768
237.9232, 768
-1019.6895, 768
805.5078, 768
842.4827, 768
-131.7086, 768
983.9542, 768
563.8665, 768
1150.7982, 768
684.4015, 768
-468.8494, 768
1163.4264, 768
-641.4440, 768
-833.0954, 768
1066.1193, 768
-31.5052, 768
404.0771, 768
-1343.1813, 768
-724.2526, 768
1225.4755, 768
-1327.1677, 768
790.3824, 768
-1488.2040, 768
283.8031, 768
-885.2941, 768
1343.1700, 768
-1566.3014, 768
-1274.1917, 768
159.7067, 768
-1692.8146, 768
924.0782, 768
-185.7853, 768
-205.6385, 768
763.7309, 768
-624.8015, 768
261.7765, 768
-860.1674, 768
1776.2345, 768
-571.7086, 768
-1866.7670, 768
708.5900, 768
1374.1526, 768
-1299.4331, 768
1083.9529, 768
222.3974, 768
2124.9290, 768
-751.9027, 768
-1005.8489, 768
232.0426, 768
 64.2507, 768
1874.6680, 768
1300.3416, 768
1998.7704, 768
1997.7954, 768
395.9719, 768
-757.6796, 768
-338.2779, 768
229.9272, 768
-1832.9258, 768
-2371.2190, 768
2232.7095, 768
1712.8944, 768
797.6561, 768
2419.2224, 768
2038.5912, 768
-725.3384, 768
-657.8193, 768
785.8069, 768
2029.0488, 768
-55.7051, 768
149.1389, 768
-2509.6140, 768
-1771.3549, 768
-1063.8856, 768
-380.8101, 768
1115.1868, 768
1767.8309, 768
-1185.0980, 768
-2933.6934, 768
-2778.8713, 768
1728.0845, 768
-883.5394, 768
956.2383, 768
1732.9877, 768
2871.1731, 768
2620.7900, 768
2823.4482, 768
683.0414, 768
-56.1608, 768
1163.4124, 768
-3301.9424, 768
806.7516, 768
-2318.6841, 768
2255.1311, 768
-2573.5723, 768
626.7346, 768
-417.8836, 768
2500.8628, 768
1672.0479, 768
399.3606, 768
-2695.8787, 768
-2882.2517, 768
-3131.4287, 768
-1888.8634, 768
-1795.0410, 768
-2538.8606, 768
3334.5422, 768
-3291.4158, 768
574.0798, 768
832.5850, 768
-1009.3331, 768
-810.3335, 768
3861.5400, 768
-4168.1938, 768
3292.0195, 768
-3477.8835, 768
-242.3421, 768
4153.2393, 768
4379.2036, 768
2119.4238, 768
857.5367, 768
3267.7178, 768
731.4925, 768
3659.8975, 768
-795.5286, 768
841.3199, 768
-458.3257, 768
-358.9333, 768
-390.4040, 768
4033.1509, 768
1426.0992, 768
4812.1387, 768
-3153.1995, 768
-3683.6816, 768
-769.9274, 768
-3138.8596, 768
-1671.3473, 768
-1290.6414, 768
3880.6038, 768
2098.8525, 768
4484.1807, 768
581.4199, 768
-4838.9585, 768
-2467.6902, 768
-4042.0300, 768
-760.9453, 768
1557.9530, 768
4005.6055, 768
-167.2928, 768
-2403.8826, 768
5003.9946, 768
-5061.3750, 768
1880.4935, 768
-2455.6467, 768
4979.1147, 768
5060.9956, 768
2057.0022, 768
-461.8925, 768
-291.7347, 768
1052.3845, 768
-2092.7734, 768
3544.5793, 768
-240.8313, 768
-2759.0576, 768
-5508.7705, 768
5775.2949, 768
-5063.1201, 768
-5641.6821, 768
-4546.6611, 768
-3313.3179, 768
1384.9061, 768
-3185.9482, 768
-5964.6675, 768
-3705.6533, 768
-2218.3501, 768
-618.4986, 768
-6301.2407, 768
-470.2963, 768
1585.0839, 768
1161.5477, 768
-1512.1956, 768
1076.2433, 768
6417.4438, 768
4446.1289, 768
-4264.5547, 768
-2852.6387, 768
-218.2190, 768
-4343.7017, 768
-5357.1665, 768
-6615.3286, 768
-3564.9255, 768
-5979.6826, 768
-2368.1716, 768
3205.6152, 768
1625.1425, 768
-171.3966, 768
-3055.8596, 768
6910.1685, 768
-6687.1748, 768
-1584.2948, 768
1416.3430, 768
-6204.6904, 768
-3741.6304, 768
-7348.8398, 768
1902.8215, 768
-6928.4692, 768
6557.2446, 768
6612.0386, 768
4104.2607, 768
3112.7778, 768
2630.9771, 768
-7273.2349, 768
-2511.7605, 768
2605.2246, 768
-7244.1030, 768
-4846.6680, 768
-588.1980, 768
-1315.6562, 768
-918.3602, 768
6115.1489, 768
-1282.6526, 768
-7901.7261, 768
-1994.1461, 768
6536.0166, 768
-3498.9668, 768
7445.3970, 768
-4268.2417, 768
5360.0820, 768
-5824.2944, 768
-1583.0990, 768
7699.8066, 768
1981.6239, 768
-3828.0596, 768
5609.7324, 768
4749.0151, 768
-4137.2354, 768
1160.1407, 768
-7841.7725, 768
-817.3585, 768
2794.0986, 768
-2194.6592, 768
-2866.8599, 768
4146.7827, 768
4927.4272, 768
-4148.1362, 768
2956.4902, 768
-8043.8462, 768
7418.4312, 768
2188.3496, 768
-6099.2939, 768
-4321.4395, 768
-2985.5647, 768
5972.1733, 768
-6013.3716, 768
-695.5834, 768
-8252.5586, 768
-1221.4113, 768
5800.3608, 768
-7712.1782, 768
-4810.5225, 768
7598.8911, 768
6483.7173, 768
-443.2372, 768
8088.5312, 768
7185.1602, 768
-7185.0396, 768
6335.8491, 768
734.0127, 768
-1528.5215, 768
3504.0173, 768
5742.6084, 768
7852.0361, 768
4879.5669, 768
2879.4597, 768
3155.2515, 768
-2224.4023, 768
3426.8992, 768
-512.6944, 768
6850.2100, 768
3950.0291, 768
1593.1475, 768
-5986.8164, 768
-7336.0845, 768
-2958.7014, 768
3060.8203, 768
-401.6892, 768
3851.3708, 768
-3750.8201, 768
-7682.2661, 768
9928.5830, 768
-8538.2461, 768
4198.0249, 768
8648.3789, 768
-6929.8164, 768
3108.2976, 768
7058.3413, 768
-9228.9824, 768
-3138.2805, 768
8831.6816, 768
-1884.4235, 768
4587.8540, 768
-9718.6328, 768
4397.0664, 768
6805.8208, 768
7476.4292, 768
-8132.6260, 768
-8012.6240, 768
-1638.8174, 768
3924.6094, 768
-3323.6738, 768
2532.6687, 768
-8041.5278, 768
4038.0618, 768
2962.7766, 768
429.1818, 768
-10123.9199, 768
-10576.9521, 768
851.9102, 768
-1040.3217, 768
-3598.0171, 768
-7846.1851, 768
-7820.3291, 768
-5893.0039, 768
-4836.0928, 768
8336.9893, 768
8462.4873, 768
7217.4321, 768
-6847.0537, 768
9382.0830, 768
-10367.0547, 768
2714.1516, 768
4543.6060, 768
4320.3022, 768
6158.7534, 768
-8248.5537, 768
4325.1040, 768
5252.4194, 768
7958.3823, 768
8537.0586, 768
-5662.6870, 768
7962.0459, 768
-3636.5066, 768
-5145.9614, 768
-552.8373, 768
4537.8936, 768
-9746.5049, 768
-1440.5034, 768
727.1335, 768
8753.5039, 768
2831.9521, 768
-8602.2051, 768
5345.3408, 768
-6070.5093, 768
-10190.6855, 768
-484.7051, 768
-9225.3750, 768
-8269.8750, 768
5850.6025, 768
-4978.9141, 768
-9911.7705, 768
7382.3804, 768
4134.3975, 768
714.8821, 768
5181.0469, 768
-4544.3389, 768
7818.8228, 768
4613.9424, 768
8610.8301, 768
-8560.5742, 768
391.1840, 768
-6942.0425, 768
1212.9639, 768
-2358.2710, 768
6050.0161, 768
8380.3633, 768
5668.1138, 768
133.4552, 768
-5872.5083, 768
-4146.9399, 768
4785.3765, 768
6359.1450, 768
3665.2002, 768
-10015.0557, 768
-608.2164, 768
10568.1699, 768
2696.8516, 768
-10167.8740, 768
8191.4814, 768
9755.3408, 768
-11204.6797, 768
7565.7979, 768
1905.4875, 768
-2260.2021, 768
-7764.5459, 768
3375.4441, 768
-453.3574, 768
889.2414, 768
-4004.2834, 768
10813.8428, 768
9394.8643, 768
7754.7266, 768
112.0935, 768
5424.1538, 768
7759.7573, 768
7466.0366, 768
7619.0371, 768
-4615.6313, 768
-6082.3823, 768
2312.6436, 768
-11409.3389, 768
9999.1934, 768
-9904.7559, 768
10080.0068, 768
-4106.6240, 768
-8085.0088, 768
-1817.1221, 768
-11510.3242, 768
1364.2699, 768
2726.0000, 768
5744.1543, 768
7493.6123, 768
8115.7739, 768
4970.1343, 768
-7176.7290, 768
7864.9854, 768
7959.9399, 768
5410.7437, 768
-10351.3184, 768
-10184.5908, 768
3484.3118, 768
-10039.1270, 768
-11464.5801, 768
11097.5664, 768
-5929.4658, 768
348.5946, 768
-7052.5757, 768
10489.3809, 768
-8820.4766, 768
3641.1963, 768
-1159.7419, 768
6799.5220, 768
-2842.7422, 768
 99.2873, 768
858.4017, 768
-7717.0503, 768
-8119.0840, 768
-5658.1909, 768
3051.0427, 768
-9762.7930, 768
 13.8161, 768
-4768.1118, 768
7937.7856, 768
9508.9180, 768
-2623.8345, 768
-7659.6924, 768
10386.9961, 768
-4140.1753, 768
10026.6318, 768
7391.7729, 768
8894.2158, 768
8893.3633, 768
-7512.9932, 768
-3725.8489, 768
-9819.0498, 768
-6331.1851, 768
-4911.0015, 768
10359.9141, 768
-5230.4761, 768
-3016.6724, 768
6684.5518, 768
5524.1133, 768
9071.2812, 768
-1010.8961, 768
5860.0869, 768
8194.4912, 768
-8497.0039, 768
4798.0415, 768
-6199.3867, 768
8068.6631, 768
8105.3657, 768
-6990.5483, 768
-8471.8008, 768
-3004.9573, 768
1247.5406, 768
7462.4351, 768
-1835.2627, 768
10424.2471, 768
-7052.6675, 768
-5979.9512, 768
10829.1680, 768
8670.4561, 768
4827.1616, 768
-6628.7441, 768
-4846.3340, 768
-3097.6338, 768
3243.4709, 768
3575.8555, 768
-6505.4463, 768
7030.0562, 768
-992.2370, 768
-7690.8540, 768
1411.7418, 768
3708.6860, 768
-4290.3506, 768
9200.2188, 768
5364.8228, 768
-888.7881, 768
-3709.3867, 768
-4466.7822, 768
5365.4116, 768
6619.7192, 768
8409.7354, 768
1114.1641, 768
8657.6143, 768
-14.1882, 768
5467.6592, 768
-9984.3906, 768
1452.9712, 768
-2069.2402, 768
-6420.1191, 768
-3838.9834, 768
-8073.4429, 768
2145.0879, 768
3365.2573, 768
-7325.8154, 768
6692.0981, 768
1892.5885, 768
 94.2915, 768
-7223.7168, 768
-8052.9526, 768
4529.6079, 768
5196.9722, 768
-7484.0327, 768
6751.5767, 768
7893.5000, 768
8841.8633, 768
2548.2322, 768
4884.8291, 768
9642.2832, 768
-4750.2031, 768
6126.9990, 768
-3525.4500, 768
-6488.6909, 768
8954.1885, 768
-2031.4443, 768
-405.0016, 768
-9038.0771, 768
-1508.7712, 768
-5645.8281, 768
3137.4124, 768
-1346.7466, 768
189.0788, 768
-27.2761, 768
5777.2256, 768
-3037.9585, 768
7018.1675, 768
2650.4075, 768
6025.8984, 768
-2318.3049, 768
-5936.6187, 768
6722.6084, 768
-4367.8857, 768
 91.0243, 768
3221.2910, 768
4663.3472, 768
4744.5962, 768
7039.0073, 768
3800.6235, 768
-2549.6533, 768
4338.5073, 768
-3091.8037, 768
-6358.6924, 768
-3343.3184, 768
8610.9727, 768
1051.7976, 768
763.6734, 768
8361.5059, 768
-7522.1147, 768
-610.7095, 768
7407.3579, 768
6744.8535, 768
-5476.6655, 768
2299.0188, 768
-7201.6060, 768
6894.7158, 768
-2765.5959, 768
-4990.6289, 768
-6775.6855, 768
-8178.1216, 768
-2003.6567, 768
-456.4753, 768
1442.5441, 768
-4819.5571, 768
6425.3267, 768
-1230.5590, 768
-465.7257, 768
5603.5410, 768
7017.8984, 768
-4051.6140, 768
-1429.3915, 768
-5883.6353, 768
1216.3396, 768
7228.7285, 768
5027.5361, 768
-4892.4028, 768
4248.5503, 768
-4762.9126, 768
-1580.0217, 768
1233.9800, 768
-2311.1836, 768
3985.2595, 768
7399.0981, 768
-1590.3781, 768
-5629.8242, 768
-3270.1301, 768
3953.4395, 768
-4208.8330, 768
3651.4910, 768
-5350.3623, 768
-2117.7625, 768
3445.0325, 768
6992.0713, 768
6996.5967, 768
-2294.3264, 768
-4396.2241, 768
-5552.4380, 768
7162.9746, 768
-3491.3110, 768
7041.6538, 768
2864.4016, 768
-7017.8413, 768
-2548.9360, 768
4753.7285, 768
5943.3750, 768
-4004.9062, 768
-149.1550, 768
5000.1152, 768
-3044.7991, 768
2643.0640, 768
1097.3580, 768
1679.7131, 768
1370.3844, 768
-5348.2695, 768
5160.8120, 768
938.1993, 768
-2650.1580, 768
4991.2539, 768
5735.4336, 768
400.1501, 768
-5007.1079, 768
-6174.9771, 768
-5665.4668, 768
6222.0229, 768
3923.4578, 768
5837.6289, 768
-1428.3972, 768
-3856.5647, 768
-1274.3009, 768
-6109.3535, 768
3742.8860, 768
2516.4160, 768
-859.4505, 768
2559.2683, 768
3634.8008, 768
690.0396, 768
-1489.4299, 768
250.1108, 768
4075.7983, 768
3555.9709, 768
-2355.3699, 768
1861.8862, 768
1136.6107, 768
1321.3484, 768
-1054.7888, 768
-1159.5226, 768
2650.7104, 768
-3810.0981, 768
1786.7983, 768
954.5725, 768
3077.5857, 768
-1684.2217, 768
-3128.1646, 768
1522.8105, 768
1869.3990, 768
3073.5317, 768
2155.1638, 768
4841.8862, 768
-2525.5393, 768
1874.7485, 768
690.2142, 768
3414.0061, 768
-570.5994, 768
3858.0151, 768
-3160.4983, 768
1179.4722, 768
1075.8353, 768
2565.2712, 768
1474.2593, 768
674.0748, 768
-1200.6766, 768
1465.7175, 768
3280.4763, 768
-1286.3473, 768
1972.8134, 768
1575.6278, 768
-4279.0137, 768
-3441.0444, 768
1111.5580, 768
920.1920, 768
3489.7351, 768
-2487.8157, 768
-2586.4639, 768
3403.5950, 768
3493.0940, 768
-3997.1509, 768
3001.8242, 768
-767.6564, 768
2366.6592, 768
2703.1389, 768
-1906.1041, 768
-3925.9944, 768
3926.4402, 768
-1062.2349, 768
714.4375, 768
-3702.9338, 768
-2384.6379, 768
-3455.9153, 768
-782.1207, 768
-3057.5454, 768
-3256.7075, 768
-2824.4656, 768
-2817.8320, 768
-2413.9084, 768
3194.1406, 768
1707.5581, 768
-1689.1208, 768
2791.1399, 768
1289.2151, 768
2540.6240, 768
1475.1881, 768
1471.5957, 768
-1727.5909, 768
-1091.4623, 768
1933.7744, 768
  9.0209, 768
1316.5554, 768
2866.4897, 768
-685.6800, 768
1467.9281, 768
-2205.4639, 768
1170.4272, 768
-772.8829, 768
660.8575, 768
-2300.2612, 768
603.9878, 768
-1129.1447, 768
890.7214, 768
1348.3214, 768
-2367.6260, 768
2735.6689, 768
1092.4198, 768
-227.3624, 768
-2247.2561, 768
-2580.0654, 768
-1994.2108, 768
-1992.3889, 768
1572.0011, 768
-395.9178, 768
-2269.9792, 768
-1089.6702, 768
1966.6604, 768
2046.0245, 768
680.3706, 768
601.1987, 768
-470.7134, 768
-959.9888, 768
876.7007, 768
-314.6780, 768
1887.8820, 768
1737.6003, 768
302.1805, 768
-761.0898, 768
481.0069, 768
528.9887, 768
1298.2906, 768
808.9947, 768
-612.9351, 768
-1116.2394, 768
1508.7600, 768
-466.7421, 768
649.6635, 768
-1090.5253, 768
1407.7463, 768
1422.9442, 768
248.4027, 768
-1174.8408, 768
529.4226, 768
1268.4362, 768
-948.8588, 768
-170.7694, 768
-1049.6948, 768
1546.7910, 768
1150.8534, 768
931.0087, 768
-225.2129, 768
-971.5266, 768
506.1937, 768
1010.0167, 768
-807.7441, 768
990.5646, 768
-1163.2734, 768
248.3756, 768
1134.8909, 768
-649.7180, 768
900.9867, 768
-876.8856, 768
525.3505, 768
889.4394, 768
776.7836, 768
936.2717, 768
 29.0121, 768
-68.8534, 768
817.8607, 768
-383.6018, 768
-682.9889, 768
226.5703, 768
-708.2342, 768
-676.9436, 768
-850.9041, 768
103.2974, 768
-564.3591, 768
-604.9919, 768
466.2545, 768
-262.1630, 768
-522.5704, 768
-634.7780, 768
-728.0614, 768
-732.4980, 768
-387.7332, 768
403.7426, 768
-612.4910, 768
548.3958, 768
-350.9061, 768
 99.4897, 768
281.3710, 768
 77.4576, 768
295.1266, 768
-369.6951, 768
 47.7281, 768
577.7751, 768
-276.7675, 768
-237.0207, 768
420.5349, 768
439.8072, 768
219.6000, 768
295.2712, 768
 72.7435, 768
-346.4280, 768
 88.5381, 768
425.6190, 768
335.1393, 768
-241.0777, 768
 30.5876, 768
-111.8143, 768
-244.8197, 768
214.0009, 768
-310.6057, 768
 87.8259, 768
313.1163, 768
317.3288, 768
 56.0880, 768
 44.0722, 768
158.8605, 768
179.1649, 768
-170.9109, 768
134.8310, 768
195.2745, 768
  8.9227, 768
225.9172, 768
 42.6754, 768
152.7797, 768
-54.4743, 768
 58.5509, 768
-46.7413, 768
  8.8891, 768
-120.5874, 768
121.6023, 768
-17.9307, 768
-111.9392, 768
-24.9001, 768
 61.5763, 768
112.9909, 768
-69.9992, 768
-50.6076, 768
 -3.8993, 768
-55.2055, 768
-73.7913, 768
-70.1832, 768
 53.6172, 768
-34.4877, 768
-54.1394, 768
-51.2628, 768
-38.7721, 768
-10.2138, 768
 21.7994, 768
-36.0721, 768
  9.0512, 768
 -2.3126, 768
-13.3944, 768
-11.1382, 768
 -6.3402, 768
 -2.1244, 768
-16.7789, 768
-14.1264, 768
  4.0598, 768
  2.1186, 768
 -5.8438, 768
  4.7953, 768
  0.9718, 768
 -1.6901, 768
  1.0098, 768
 -1.2880, 768
  0.1687, 768
 -0.1169, 768
 -0.0156, 768
