1.663890e-06,
1.497491e-05,
4.159646e-05,
8.152752e-05,
1.347666e-04,
2.013117e-04,
2.811603e-04,
3.743094e-04,
4.807555e-04,
6.004945e-04,
7.335221e-04,
8.798331e-04,
1.039422e-03,
1.212283e-03,
1.398409e-03,
1.597794e-03,
1.810430e-03,
2.036309e-03,
2.275422e-03,
2.527760e-03,
2.793315e-03,
3.072075e-03,
3.364031e-03,
3.669171e-03,
3.987484e-03,
4.318958e-03,
4.663581e-03,
5.021339e-03,
5.392219e-03,
5.776207e-03,
6.173289e-03,
6.583449e-03,
7.006673e-03,
7.442944e-03,
7.892246e-03,
8.354562e-03,
8.829874e-03,
9.318165e-03,
9.819416e-03,
1.033361e-02,
1.086072e-02,
1.140074e-02,
1.195364e-02,
1.251940e-02,
1.309800e-02,
1.368942e-02,
1.429363e-02,
1.491061e-02,
1.554035e-02,
1.618281e-02,
1.683798e-02,
1.750582e-02,
1.818631e-02,
1.887943e-02,
1.958515e-02,
2.030344e-02,
2.103428e-02,
2.177764e-02,
2.253349e-02,
2.330180e-02,
2.408255e-02,
2.487570e-02,
2.568123e-02,
2.649910e-02,
2.732928e-02,
2.817174e-02,
2.902646e-02,
2.989339e-02,
3.077251e-02,
3.166378e-02,
3.256718e-02,
3.348265e-02,
3.441018e-02,
3.534972e-02,
3.630124e-02,
3.726471e-02,
3.824008e-02,
3.922733e-02,
4.022641e-02,
4.123729e-02,
4.225992e-02,
4.329428e-02,
4.434031e-02,
4.539799e-02,
4.646727e-02,
4.754811e-02,
4.864048e-02,
4.974432e-02,
5.085960e-02,
5.198628e-02,
5.312431e-02,
5.427365e-02,
5.543426e-02,
5.660609e-02,
5.778911e-02,
5.898325e-02,
6.018849e-02,
6.140478e-02,
6.263206e-02,
6.387030e-02,
6.511944e-02,
6.637944e-02,
6.765026e-02,
6.893183e-02,
7.022413e-02,
7.152709e-02,
7.284067e-02,
7.416482e-02,
7.549948e-02,
7.684462e-02,
7.820017e-02,
7.956609e-02,
8.094233e-02,
8.232883e-02,
8.372554e-02,
8.513241e-02,
8.654938e-02,
8.797641e-02,
8.941344e-02,
9.086041e-02,
9.231727e-02,
9.378397e-02,
9.526045e-02,
9.674665e-02,
9.824252e-02,
9.974800e-02,
1.012630e-01,
1.027876e-01,
1.043216e-01,
1.058649e-01,
1.074176e-01,
1.089796e-01,
1.105507e-01,
1.121310e-01,
1.137204e-01,
1.153189e-01,
1.169263e-01,
1.185426e-01,
1.201677e-01,
1.218017e-01,
1.234443e-01,
1.250957e-01,
1.267556e-01,
1.284241e-01,
1.301010e-01,
1.317864e-01,
1.334801e-01,
1.351821e-01,
1.368923e-01,
1.386107e-01,
1.403371e-01,
1.420716e-01,
1.438141e-01,
1.455645e-01,
1.473226e-01,
1.490886e-01,
1.508622e-01,
1.526435e-01,
1.544324e-01,
1.562287e-01,
1.580325e-01,
1.598436e-01,
1.616620e-01,
1.634877e-01,
1.653205e-01,
1.671603e-01,
1.690073e-01,
1.708611e-01,
1.727218e-01,
1.745894e-01,
1.764637e-01,
1.783446e-01,
1.802322e-01,
1.821262e-01,
1.840267e-01,
1.859337e-01,
1.878469e-01,
1.897663e-01,
1.916919e-01,
1.936237e-01,
1.955614e-01,
1.975051e-01,
1.994546e-01,
2.014100e-01,
2.033711e-01,
2.053378e-01,
2.073102e-01,
2.092880e-01,
2.112713e-01,
2.132599e-01,
2.152538e-01,
2.172529e-01,
2.192571e-01,
2.212664e-01,
2.232807e-01,
2.252999e-01,
2.273239e-01,
2.293526e-01,
2.313861e-01,
2.334241e-01,
2.354667e-01,
2.375137e-01,
2.395651e-01,
2.416207e-01,
2.436806e-01,
2.457446e-01,
2.478127e-01,
2.498848e-01,
2.519607e-01,
2.540405e-01,
2.561240e-01,
2.582112e-01,
2.603020e-01,
2.623963e-01,
2.644941e-01,
2.665951e-01,
2.686995e-01,
2.708071e-01,
2.729177e-01,
2.750314e-01,
2.771481e-01,
2.792676e-01,
2.813900e-01,
2.835150e-01,
2.856427e-01,
2.877730e-01,
2.899057e-01,
2.920408e-01,
2.941782e-01,
2.963179e-01,
2.984597e-01,
3.006036e-01,
3.027495e-01,
3.048973e-01,
3.070470e-01,
3.091984e-01,
3.113514e-01,
3.135061e-01,
3.156622e-01,
3.178198e-01,
3.199787e-01,
3.221389e-01,
3.243003e-01,
3.264628e-01,
3.286263e-01,
3.307907e-01,
3.329560e-01,
3.351220e-01,
3.372888e-01,
3.394562e-01,
3.416241e-01,
3.437924e-01,
3.459612e-01,
3.481302e-01,
3.502994e-01,
3.524687e-01,
3.546381e-01,
3.568074e-01,
3.589766e-01,
3.611456e-01,
3.633143e-01,
3.654827e-01,
3.676506e-01,
3.698180e-01,
3.719847e-01,
3.741508e-01,
3.763161e-01,
3.784805e-01,
3.806440e-01,
3.828065e-01,
3.849679e-01,
3.871281e-01,
3.892870e-01,
3.914446e-01,
3.936007e-01,
3.957554e-01,
3.979084e-01,
4.000598e-01,
4.022095e-01,
4.043573e-01,
4.065031e-01,
4.086470e-01,
4.107889e-01,
4.129285e-01,
4.150660e-01,
4.172011e-01,
4.193338e-01,
4.214641e-01,
4.235918e-01,
4.257168e-01,
4.278391e-01,
4.299587e-01,
4.320753e-01,
4.341890e-01,
4.362997e-01,
4.384073e-01,
4.405116e-01,
4.426127e-01,
4.447105e-01,
4.468048e-01,
4.488955e-01,
4.509827e-01,
4.530663e-01,
4.551461e-01,
4.572220e-01,
4.592941e-01,
4.613622e-01,
4.634262e-01,
4.654861e-01,
4.675417e-01,
4.695931e-01,
4.716401e-01,
4.736827e-01,
4.757207e-01,
4.777541e-01,
4.797829e-01,
4.818069e-01,
4.838261e-01,
4.858404e-01,
4.878497e-01,
4.898539e-01,
4.918530e-01,
4.938469e-01,
4.958355e-01,
4.978188e-01,
4.997966e-01,
5.017689e-01,
5.037357e-01,
5.056968e-01,
5.076521e-01,
5.096017e-01,
5.115454e-01,
5.134831e-01,
5.154148e-01,
5.173405e-01,
5.192599e-01,
5.211731e-01,
5.230800e-01,
5.249806e-01,
5.268746e-01,
5.287622e-01,
5.306431e-01,
5.325174e-01,
5.343849e-01,
5.362457e-01,
5.380995e-01,
5.399464e-01,
5.417863e-01,
5.436191e-01,
5.454448e-01,
5.472632e-01,
5.490743e-01,
5.508781e-01,
5.526744e-01,
5.544633e-01,
5.562445e-01,
5.580182e-01,
5.597841e-01,
5.615423e-01,
5.632927e-01,
5.650351e-01,
5.667696e-01,
5.684961e-01,
5.702145e-01,
5.719247e-01,
5.736267e-01,
5.753204e-01,
5.770058e-01,
5.786827e-01,
5.803512e-01,
5.820111e-01,
5.836624e-01,
5.853051e-01,
5.869391e-01,
5.885642e-01,
5.901805e-01,
5.917879e-01,
5.933863e-01,
5.949757e-01,
5.965561e-01,
5.981272e-01,
5.996892e-01,
6.012419e-01,
6.027852e-01,
6.043192e-01,
6.058437e-01,
6.073588e-01,
6.088643e-01,
6.103601e-01,
6.118463e-01,
6.133228e-01,
6.147895e-01,
6.162464e-01,
6.176933e-01,
6.191304e-01,
6.205574e-01,
6.219744e-01,
6.233812e-01,
6.247780e-01,
6.261645e-01,
6.275407e-01,
6.289066e-01,
6.302622e-01,
6.316073e-01,
6.329420e-01,
6.342661e-01,
6.355797e-01,
6.368827e-01,
6.381749e-01,
6.394565e-01,
6.407273e-01,
6.419873e-01,
6.432365e-01,
6.444747e-01,
6.457020e-01,
6.469183e-01,
6.481235e-01,
6.493177e-01,
6.505007e-01,
6.516725e-01,
6.528331e-01,
6.539825e-01,
6.551205e-01,
6.562472e-01,
6.573625e-01,
6.584663e-01,
6.595587e-01,
6.606395e-01,
6.617088e-01,
6.627665e-01,
6.638125e-01,
6.648469e-01,
6.658695e-01,
6.668804e-01,
6.678795e-01,
6.688667e-01,
6.698421e-01,
6.708055e-01,
6.717571e-01,
6.726966e-01,
6.736241e-01,
6.745396e-01,
6.754430e-01,
6.763343e-01,
6.772134e-01,
6.780803e-01,
6.789350e-01,
6.797775e-01,
6.806077e-01,
6.814256e-01,
6.822311e-01,
6.830242e-01,
6.838050e-01,
6.845733e-01,
6.853291e-01,
6.860725e-01,
6.868033e-01,
6.875216e-01,
6.882274e-01,
6.889205e-01,
6.896010e-01,
6.902688e-01,
6.909240e-01,
6.915664e-01,
6.921962e-01,
6.928132e-01,
6.934174e-01,
6.940088e-01,
6.945874e-01,
6.951531e-01,
6.957060e-01,
6.962461e-01,
6.967732e-01,
6.972874e-01,
6.977886e-01,
6.982769e-01,
6.987522e-01,
6.992145e-01,
6.996638e-01,
7.001001e-01,
7.005233e-01,
7.009335e-01,
7.013306e-01,
7.017146e-01,
7.020854e-01,
7.024432e-01,
7.027878e-01,
7.031193e-01,
7.034376e-01,
7.037428e-01,
7.040347e-01,
7.043135e-01,
7.045790e-01,
7.048314e-01,
7.050705e-01,
7.052964e-01,
7.055090e-01,
7.057084e-01,
7.058945e-01,
7.060674e-01,
7.062269e-01,
7.063733e-01,
7.065063e-01,
7.066260e-01,
7.067325e-01,
7.068256e-01,
7.069055e-01,
7.069720e-01,
7.070253e-01,
7.070652e-01,
7.070918e-01,
7.071051e-01,
7.071051e-01,
7.070918e-01,
7.070652e-01,
7.070253e-01,
7.069720e-01,
7.069055e-01,
7.068256e-01,
7.067325e-01,
7.066260e-01,
7.065063e-01,
7.063733e-01,
7.062269e-01,
7.060674e-01,
7.058945e-01,
7.057084e-01,
7.055090e-01,
7.052964e-01,
7.050705e-01,
7.048314e-01,
7.045790e-01,
7.043135e-01,
7.040347e-01,
7.037428e-01,
7.034376e-01,
7.031193e-01,
7.027878e-01,
7.024432e-01,
7.020854e-01,
7.017146e-01,
7.013306e-01,
7.009335e-01,
7.005233e-01,
7.001001e-01,
6.996638e-01,
6.992145e-01,
6.987522e-01,
6.982769e-01,
6.977886e-01,
6.972874e-01,
6.967732e-01,
6.962461e-01,
6.957060e-01,
6.951531e-01,
6.945874e-01,
6.940088e-01,
6.934174e-01,
6.928132e-01,
6.921962e-01,
6.915664e-01,
6.909240e-01,
6.902688e-01,
6.896010e-01,
6.889205e-01,
6.882274e-01,
6.875216e-01,
6.868033e-01,
6.860725e-01,
6.853291e-01,
6.845733e-01,
6.838050e-01,
6.830242e-01,
6.822311e-01,
6.814256e-01,
6.806077e-01,
6.797775e-01,
6.789350e-01,
6.780803e-01,
6.772134e-01,
6.763343e-01,
6.754430e-01,
6.745396e-01,
6.736241e-01,
6.726966e-01,
6.717571e-01,
6.708055e-01,
6.698421e-01,
6.688667e-01,
6.678795e-01,
6.668804e-01,
6.658695e-01,
6.648469e-01,
6.638125e-01,
6.627665e-01,
6.617088e-01,
6.606395e-01,
6.595587e-01,
6.584663e-01,
6.573625e-01,
6.562472e-01,
6.551205e-01,
6.539825e-01,
6.528331e-01,
6.516725e-01,
6.505007e-01,
6.493177e-01,
6.481235e-01,
6.469183e-01,
6.457020e-01,
6.444747e-01,
6.432365e-01,
6.419873e-01,
6.407273e-01,
6.394565e-01,
6.381749e-01,
6.368827e-01,
6.355797e-01,
6.342661e-01,
6.329420e-01,
6.316073e-01,
6.302622e-01,
6.289066e-01,
6.275407e-01,
6.261645e-01,
6.247780e-01,
6.233812e-01,
6.219744e-01,
6.205574e-01,
6.191304e-01,
6.176933e-01,
6.162464e-01,
6.147895e-01,
6.133228e-01,
6.118463e-01,
6.103601e-01,
6.088643e-01,
6.073588e-01,
6.058437e-01,
6.043192e-01,
6.027852e-01,
6.012419e-01,
5.996892e-01,
5.981272e-01,
5.965561e-01,
5.949757e-01,
5.933863e-01,
5.917879e-01,
5.901805e-01,
5.885642e-01,
5.869391e-01,
5.853051e-01,
5.836624e-01,
5.820111e-01,
5.803512e-01,
5.786827e-01,
5.770058e-01,
5.753204e-01,
5.736267e-01,
5.719247e-01,
5.702145e-01,
5.684961e-01,
5.667696e-01,
5.650351e-01,
5.632927e-01,
5.615423e-01,
5.597841e-01,
5.580182e-01,
5.562445e-01,
5.544633e-01,
5.526744e-01,
5.508781e-01,
5.490743e-01,
5.472632e-01,
5.454448e-01,
5.436191e-01,
5.417863e-01,
5.399464e-01,
5.380995e-01,
5.362457e-01,
5.343849e-01,
5.325174e-01,
5.306431e-01,
5.287622e-01,
5.268746e-01,
5.249806e-01,
5.230800e-01,
5.211731e-01,
5.192599e-01,
5.173405e-01,
5.154148e-01,
5.134831e-01,
5.115454e-01,
5.096017e-01,
5.076521e-01,
5.056968e-01,
5.037357e-01,
5.017689e-01,
4.997966e-01,
4.978188e-01,
4.958355e-01,
4.938469e-01,
4.918530e-01,
4.898539e-01,
4.878497e-01,
4.858404e-01,
4.838261e-01,
4.818069e-01,
4.797829e-01,
4.777541e-01,
4.757207e-01,
4.736827e-01,
4.716401e-01,
4.695931e-01,
4.675417e-01,
4.654861e-01,
4.634262e-01,
4.613622e-01,
4.592941e-01,
4.572220e-01,
4.551461e-01,
4.530663e-01,
4.509827e-01,
4.488955e-01,
4.468048e-01,
4.447105e-01,
4.426127e-01,
4.405116e-01,
4.384073e-01,
4.362997e-01,
4.341890e-01,
4.320753e-01,
4.299587e-01,
4.278391e-01,
4.257168e-01,
4.235918e-01,
4.214641e-01,
4.193338e-01,
4.172011e-01,
4.150660e-01,
4.129285e-01,
4.107889e-01,
4.086470e-01,
4.065031e-01,
4.043573e-01,
4.022095e-01,
4.000598e-01,
3.979084e-01,
3.957554e-01,
3.936007e-01,
3.914446e-01,
3.892870e-01,
3.871281e-01,
3.849679e-01,
3.828065e-01,
3.806440e-01,
3.784805e-01,
3.763161e-01,
3.741508e-01,
3.719847e-01,
3.698180e-01,
3.676506e-01,
3.654827e-01,
3.633143e-01,
3.611456e-01,
3.589766e-01,
3.568074e-01,
3.546381e-01,
3.524687e-01,
3.502994e-01,
3.481302e-01,
3.459612e-01,
3.437924e-01,
3.416241e-01,
3.394562e-01,
3.372888e-01,
3.351220e-01,
3.329560e-01,
3.307907e-01,
3.286263e-01,
3.264628e-01,
3.243003e-01,
3.221389e-01,
3.199787e-01,
3.178198e-01,
3.156622e-01,
3.135061e-01,
3.113514e-01,
3.091984e-01,
3.070470e-01,
3.048973e-01,
3.027495e-01,
3.006036e-01,
2.984597e-01,
2.963179e-01,
2.941782e-01,
2.920408e-01,
2.899057e-01,
2.877730e-01,
2.856427e-01,
2.835150e-01,
2.813900e-01,
2.792676e-01,
2.771481e-01,
2.750314e-01,
2.729177e-01,
2.708071e-01,
2.686995e-01,
2.665951e-01,
2.644941e-01,
2.623963e-01,
2.603020e-01,
2.582112e-01,
2.561240e-01,
2.540405e-01,
2.519607e-01,
2.498848e-01,
2.478127e-01,
2.457446e-01,
2.436806e-01,
2.416207e-01,
2.395651e-01,
2.375137e-01,
2.354667e-01,
2.334241e-01,
2.313861e-01,
2.293526e-01,
2.273239e-01,
2.252999e-01,
2.232807e-01,
2.212664e-01,
2.192571e-01,
2.172529e-01,
2.152538e-01,
2.132599e-01,
2.112713e-01,
2.092880e-01,
2.073102e-01,
2.053378e-01,
2.033711e-01,
2.014100e-01,
1.994546e-01,
1.975051e-01,
1.955614e-01,
1.936237e-01,
1.916919e-01,
1.897663e-01,
1.878469e-01,
1.859337e-01,
1.840267e-01,
1.821262e-01,
1.802322e-01,
1.783446e-01,
1.764637e-01,
1.745894e-01,
1.727218e-01,
1.708611e-01,
1.690073e-01,
1.671603e-01,
1.653205e-01,
1.634877e-01,
1.616620e-01,
1.598436e-01,
1.580325e-01,
1.562287e-01,
1.544324e-01,
1.526435e-01,
1.508622e-01,
1.490886e-01,
1.473226e-01,
1.455645e-01,
1.438141e-01,
1.420716e-01,
1.403371e-01,
1.386107e-01,
1.368923e-01,
1.351821e-01,
1.334801e-01,
1.317864e-01,
1.301010e-01,
1.284241e-01,
1.267556e-01,
1.250957e-01,
1.234443e-01,
1.218017e-01,
1.201677e-01,
1.185426e-01,
1.169263e-01,
1.153189e-01,
1.137204e-01,
1.121310e-01,
1.105507e-01,
1.089796e-01,
1.074176e-01,
1.058649e-01,
1.043216e-01,
1.027876e-01,
1.012630e-01,
9.974800e-02,
9.824252e-02,
9.674665e-02,
9.526045e-02,
9.378397e-02,
9.231727e-02,
9.086041e-02,
8.941344e-02,
8.797641e-02,
8.654938e-02,
8.513241e-02,
8.372554e-02,
8.232883e-02,
8.094233e-02,
7.956609e-02,
7.820017e-02,
7.684462e-02,
7.549948e-02,
7.416482e-02,
7.284067e-02,
7.152709e-02,
7.022413e-02,
6.893183e-02,
6.765026e-02,
6.637944e-02,
6.511944e-02,
6.387030e-02,
6.263206e-02,
6.140478e-02,
6.018849e-02,
5.898325e-02,
5.778911e-02,
5.660609e-02,
5.543426e-02,
5.427365e-02,
5.312431e-02,
5.198628e-02,
5.085960e-02,
4.974432e-02,
4.864048e-02,
4.754811e-02,
4.646727e-02,
4.539799e-02,
4.434031e-02,
4.329428e-02,
4.225992e-02,
4.123729e-02,
4.022641e-02,
3.922733e-02,
3.824008e-02,
3.726471e-02,
3.630124e-02,
3.534972e-02,
3.441018e-02,
3.348265e-02,
3.256718e-02,
3.166378e-02,
3.077251e-02,
2.989339e-02,
2.902646e-02,
2.817174e-02,
2.732928e-02,
2.649910e-02,
2.568123e-02,
2.487570e-02,
2.408255e-02,
2.330180e-02,
2.253349e-02,
2.177764e-02,
2.103428e-02,
2.030344e-02,
1.958515e-02,
1.887943e-02,
1.818631e-02,
1.750582e-02,
1.683798e-02,
1.618281e-02,
1.554035e-02,
1.491061e-02,
1.429363e-02,
1.368942e-02,
1.309800e-02,
1.251940e-02,
1.195364e-02,
1.140074e-02,
1.086072e-02,
1.033361e-02,
9.819416e-03,
9.318165e-03,
8.829874e-03,
8.354562e-03,
7.892246e-03,
7.442944e-03,
7.006673e-03,
6.583449e-03,
6.173289e-03,
5.776207e-03,
5.392219e-03,
5.021339e-03,
4.663581e-03,
4.318958e-03,
3.987484e-03,
3.669171e-03,
3.364031e-03,
3.072075e-03,
2.793315e-03,
2.527760e-03,
2.275422e-03,
2.036309e-03,
1.810430e-03,
1.597794e-03,
1.398409e-03,
1.212283e-03,
1.039422e-03,
8.798331e-04,
7.335221e-04,
6.004945e-04,
4.807555e-04,
3.743094e-04,
2.811603e-04,
2.013117e-04,
1.347666e-04,
8.152752e-05,
4.159646e-05,
1.497491e-05,
1.663890e-06,
