00000
00000
00000
00000
00000
00000
00000
00000
00000
00000
00000
00000
00000
00000
00000
00000
00000
00000
00000
00000
00000
00000
00000
00000
00000
00000
00000
00000
00000
00000
00000
00000
00000
00000
00000
00000
00000
00000
00000
00000
00000
00000
00000
00000
00000
00000
00000
00000
00000
00000
00000
00000
00000
00000
00000
00000
00000
00000
00000
00000
00000
00000
00000
00000
00000
00000
00000
00000
00000
00000
00000
00000
00000
00000
00000
00000
00000
00000
00000
00000
00000
00000
00000
00000
00000
00000
00000
00000
00000
00000
00000
00000
00000
00000
00000
00000
00000
00000
00000
00000
00000
00000
00000
00000
00000
00000
00000
00000
00000
00000
00000
00000
00000
00000
00000
00000
00000
00000
00000
00000
00000
00000
00000
00000
00000
00000
00000
00000
00000
00000
00000
00000
00000
00000
00000
00000
00000
00000
00000
00000
00000
00000
00000
00000
00000
00000
00000
00000
00000
00000
00000
00000
00000
00000
00000
00000
00000
00000
00000
00000
00000
00000
00000
00000
00000
00000
00000
00000
00000
00000
00000
00000
00000
00000
00000
00000
00000
00000
00000
00000
00000
00000
00000
00000
00000
00000
00000
00000
00000
00000
00000
00000
00000
00000
00000
00000
00000
00000
00000
00000
00000
00000
00000
00000
00000
00000
00000
00000
00000
00000
00000
00000
00000
00000
00000
00000
00000
00000
00000
00000
00000
00000
00000
00000
00000
00000
00000
00000
00000
00000
00000
00000
00000
00000
00000
00000
00000
00000
00000
00000
00000
00000
00000
00000
00000
00000
00000
00000
00000
00000
00000
00000
00000
00000
00000
00000
00000
00000
00000
00000
00000
00000
00000
00000
00000
00000
00000
00000
00000
00000
00000
00000
00000
00000
00000
00000
00000
00000
00000
00000
00000
00000
00000
00000
00000
00000
00000
00000
00000
00000
00000
00000
00000
00000
00000
00000
00000
00000
00000
00000
00000
00000
00000
00000
00000
00000
00000
00000
00000
00000
00000
00000
00000
00000
00000
00000
00000
00000
00000
00000
00000
00000
00000
00000
00000
00000
00000
00000
00000
00000
00000
00000
00000
00000
00000
00000
00000
00000
00000
00000
00000
00000
00000
00000
00000
00000
00000
00000
00000
00000
00000
00000
00000
00000
00000
00000
00000
00000
00000
00000
00000
00000
00000
00000
00000
00000
00000
00000
00000
00000
00000
00000
00000
00000
00000
00000
00000
00000
00000
00000
00000
00000
00000
00000
00000
00000
00000
00000
00000
00000
00000
00000
00000
00000
00000
00000
00000
00000
00000
00000
00000
00000
00000
00000
00000
00000
00000
00000
00000
00000
00000
00000
00000
00000
00000
00000
00000
00000
00000
00000
00000
00000
00000
00000
00000
00000
00000
00000
00000
00000
00000
00000
00000
00000
00000
00000
00000
00000
00000
00000
00000
00000
00000
00000
00000
00000
00000
00000
00000
00000
00000
00000
00000
00000
00000
00000
00000
00000
00000
00000
00000
00000
00000
00000
00000
00000
00000
00000
00000
00000
00000
00000
00000
00000
00000
00000
00000
00000
00000
00000
00000
00000
00000
00000
00000
00000
00000
00000
00000
00000
00000
00000
00000
00000
00000
00000
00000
00000
00000
00000
00000
00000
00000
00000
00000
00000
00000
00000
00000
00000
00000
00000
00000
00000
00000
00000
00000
00000
00000
00000
00000
00000
00000
00000
00000
00000
00000
00000
00000
00000
00000
00000
00000
00000
00000
00000
00000
00000
00000
00000
00000
00000
00000
00000
00000
00000
00000
00000
00000
00000
00000
00000
00000
00000
00000
00000
00000
00000
00000
00000
00000
00000
00000
00000
00000
00000
00000
00000
00000
00000
00000
00000
00000
00000
00000
00000
00000
00000
00000
00000
00000
00000
00000
00000
00000
00000
00000
00000
00000
00000
00000
00000
00000
00000
00000
00000
00000
00000
00000
00000
00000
00000
00000
00000
00000
00000
00000
00000
00000
00000
00000
00000
00000
00000
00000
00000
00000
00000
00000
00000
00000
00000
00000
00000
00000
00000
00000
00000
00000
00000
00000
00000
00000
00000
00000
00000
00000
00000
00000
00000
00000
00000
00000
00000
00000
00000
00000
00000
00000
00000
00000
00000
00000
00000
00000
00000
00000
00000
00000
00000
00000
00000
00000
00000
00000
00000
00000
00000
00000
00000
00000
00000
00000
00000
00000
00000
00000
00000
00000
00000
00000
00000
00000
00000
00000
00000
00000
00000
00000
00000
00000
00000
00000
00000
00000
00000
00000
00000
00000
00000
00000
00000
00000
00000
00000
00000
00000
00000
00000
00000
00000
00000
00000
00000
00000
00000
00000
00000
00000
00000
00000
00000
00000
00000
00000
00000
00000
00000
00000
00000
00000
00000
00000
00000
00000
00000
00000
00000
00000
00000
00000
00000
00000
00000
00000
00000
00000
00000
00000
00000
00000
00000
00000
00000
00000
00000
00000
00000
00000
00000
00000
00000
00000
00000
00000
00000
00000
00000
152C0
153C0
1535F
1531F
156E0
15980
1591F
1599F
15A1F
15B1F
15E3F
15EA0
15C1F
15B40
15AC0
1599F
15A1F
15B00
15A5F
15BC0
15F7F
16080
15DE0
15B40
1591F
1557F
151BF
14FBF
14FFF
1517F
15120
14EBF
14B40
14640
141FF
140BF
14060
13F00
13B60
136DF
1355F
134A0
130DF
12D3F
129DF
123E0
11E7F
11860
10E1F
10580
1023F
10020
0FDC0
0FD5F
0FCC0
0F8DF
0F420
0EF5F
0E9C0
0E5FF
0E35F
0DDA0
0D87F
0D660
0D240
0CC80
0C7A0
0C2A0
0BE1F
0B9A0
0B4A0
0B2BF
0B100
0AC20
0A800
0A3BF
09DFF
098A0
093C0
09120
08FBF
08B9F
0897F
088A0
082BF
07C9F
07880
072A0
06E9F
06B20
064A0
06180
05FE0
057A0
04DDF
04820
0437F
04000
03F9F
0407F
03FC0
03EDF
03E40
039BF
032BF
02E9F
02BBF
02980
0295F
02980
0291F
0275F
0225F
01E60
01CA0
01AC0
01B5F
01D7F
01DFF
01F3F
02140
022DF
025A0
026A0
024E0
02380
02340
02340
0231F
0229F
024A0
026E0
0253F
023FF
0253F
024BF
0235F
024FF
0281F
02A9F
02BA0
02C7F
02DA0
02F9F
0347F
039E0
03AFF
039E0
03A20
03AA0
03BA0
03D40
03E00
04000
0441F
0473F
049A0
04B5F
04ADF
04BDF
0507F
05480
056E0
05A9F
0605F
063FF
064BF
0689F
07080
075C0
0793F
07F80
0861F
08B1F
08F3F
0925F
09480
093C0
0925F
095E0
0991F
0983F
09A00
09E3F
0A05F
0A280
0A43F
0A280
0A080
0A11F
0A31F
0A420
0A4E0
0A89F
0AD3F
0AF40
0B0DF
0B3BF
0B5DF
0B75F
0B97F
0BC3F
0BFC0
0C3DF
0C7E0
0CCC0
0D45F
0DB1F
0DCE0
0DCBF
0DCA0
0DCA0
0E000
0E4E0
0E740
0EC20
0F2E0
0F4E0
0F580
0F8C0
0FBE0
0FD1F
0FD1F
0FFDF
1061F
109E0
10D80
1149F
11940
11C1F
12140
122C0
1205F
11EE0
11E3F
11FE0
12280
12140
12100
1247F
124BF
1221F
1225F
120C0
11B00
11940
11C00
11B00
117E0
1173F
11660
11480
1145F
11300
11060
110BF

